2.000000000000000000e+01 2.667022094500387652e+01
2.100000000000000000e+01 2.504964626750330581e+01
2.200000000000000000e+01 2.554349390797265684e+01
2.300000000000000000e+01 2.534763122269825431e+01
2.400000000000000000e+01 2.379233108306187461e+01
2.500000000000000000e+01 2.321067935936280335e+01
2.600000000000000000e+01 2.386126621665845704e+01
2.700000000000000000e+01 2.266925915254049073e+01
2.800000000000000000e+01 2.277545517863697455e+01
2.900000000000000000e+01 2.314838086253545413e+01
3.000000000000000000e+01 2.315306995852646565e+01
3.100000000000000000e+01 2.227626445889911011e+01
3.200000000000000000e+01 2.228457977025848891e+01
3.300000000000000000e+01 2.252799527103633181e+01
3.400000000000000000e+01 2.308796765368312620e+01
3.500000000000000000e+01 2.191439038716834631e+01
3.600000000000000000e+01 2.179903471175320462e+01
3.700000000000000000e+01 2.201554239409512448e+01
3.800000000000000000e+01 2.154303859201035820e+01
3.900000000000000000e+01 2.132302983139058128e+01
4.000000000000000000e+01 2.087260681712114518e+01
4.100000000000000000e+01 2.035348083832410282e+01
4.200000000000000000e+01 2.103264452744303270e+01
4.300000000000000000e+01 2.026439371517561838e+01
4.400000000000000000e+01 1.953151533833962716e+01
4.500000000000000000e+01 2.087292730223595782e+01
4.600000000000000000e+01 2.040490168534201132e+01
4.700000000000000000e+01 1.942426152894600477e+01
4.800000000000000000e+01 1.955691486119028610e+01
4.900000000000000000e+01 1.959784597910424608e+01
5.000000000000000000e+01 1.959694978900462559e+01
5.100000000000000000e+01 1.957928487631263437e+01
5.200000000000000000e+01 1.922289037385354860e+01
5.300000000000000000e+01 1.988784592659971651e+01
5.400000000000000000e+01 1.906200973824164180e+01
5.500000000000000000e+01 1.900704003184842605e+01
5.600000000000000000e+01 1.994140017092924921e+01
5.700000000000000000e+01 1.887278451484621655e+01
5.800000000000000000e+01 1.809951204050385698e+01
5.900000000000000000e+01 1.977752770694545603e+01
6.000000000000000000e+01 1.862496473649920503e+01
6.100000000000000000e+01 1.829086764449224134e+01
6.200000000000000000e+01 1.816127969434320732e+01
6.300000000000000000e+01 1.767610096902886951e+01
6.400000000000000000e+01 1.731117567328727347e+01
6.500000000000000000e+01 1.831286385398987449e+01
6.600000000000000000e+01 1.828510408391440123e+01
6.700000000000000000e+01 1.803641711432502248e+01
6.800000000000000000e+01 1.796445031992661612e+01
6.900000000000000000e+01 1.830673697352903417e+01
7.000000000000000000e+01 1.809595960800698933e+01
7.100000000000000000e+01 1.769840120202347933e+01
7.200000000000000000e+01 1.728784762488605509e+01
7.300000000000000000e+01 1.778254657215033063e+01
7.400000000000000000e+01 1.773117513586144511e+01
7.500000000000000000e+01 1.744784646105027193e+01
7.600000000000000000e+01 1.761376459297607511e+01
7.700000000000000000e+01 1.722767746390158550e+01
7.800000000000000000e+01 1.708990709838550970e+01
7.900000000000000000e+01 1.729869706021766973e+01
8.000000000000000000e+01 1.694561291178177243e+01
8.100000000000000000e+01 1.766926738793585017e+01
8.200000000000000000e+01 1.702793857313451653e+01
8.300000000000000000e+01 1.695128943450425751e+01
8.400000000000000000e+01 1.738155589926615363e+01
8.500000000000000000e+01 1.671519825638984358e+01
8.600000000000000000e+01 1.668816637269523895e+01
8.700000000000000000e+01 1.724697509188745670e+01
8.800000000000000000e+01 1.645412764931768734e+01
8.900000000000000000e+01 1.619186561792119150e+01
9.000000000000000000e+01 1.634120915910177985e+01
9.100000000000000000e+01 1.657873301909197750e+01
9.200000000000000000e+01 1.706536168011310650e+01
9.300000000000000000e+01 1.635844068820614439e+01
9.400000000000000000e+01 1.662074685912347860e+01
9.500000000000000000e+01 1.688722116841544718e+01
9.600000000000000000e+01 1.629981935433656304e+01
9.700000000000000000e+01 1.677562447159962034e+01
9.800000000000000000e+01 1.604783338089555045e+01
9.900000000000000000e+01 1.642620845892977499e+01
1.000000000000000000e+02 1.617166925362441177e+01
1.010000000000000000e+02 1.617293287627882492e+01
1.020000000000000000e+02 1.614721095882404001e+01
1.030000000000000000e+02 1.614086194901878457e+01
1.040000000000000000e+02 1.562708490814598505e+01
1.050000000000000000e+02 1.593415841143891676e+01
1.060000000000000000e+02 1.585119416278757676e+01
1.070000000000000000e+02 1.594034473329416457e+01
1.080000000000000000e+02 1.654090448456894080e+01
1.090000000000000000e+02 1.552378089068377065e+01
1.100000000000000000e+02 1.606316258958867138e+01
1.110000000000000000e+02 1.574230152171411312e+01
1.120000000000000000e+02 1.531374199552392845e+01
1.130000000000000000e+02 1.625516040934721573e+01
1.140000000000000000e+02 1.489833350044568583e+01
1.150000000000000000e+02 1.548892048895699958e+01
1.160000000000000000e+02 1.549630547680876091e+01
1.170000000000000000e+02 1.546337164260108210e+01
1.180000000000000000e+02 1.574804925131140898e+01
1.190000000000000000e+02 1.570635542650930816e+01
1.200000000000000000e+02 1.557815045265263620e+01
1.210000000000000000e+02 1.537643854967289236e+01
1.220000000000000000e+02 1.553325892224918903e+01
1.230000000000000000e+02 1.558289997393788795e+01
1.240000000000000000e+02 1.541629412515553632e+01
1.250000000000000000e+02 1.554082687103370475e+01
1.260000000000000000e+02 1.532341350816149017e+01
1.270000000000000000e+02 1.491914976014064287e+01
1.280000000000000000e+02 1.497392828754520444e+01
1.290000000000000000e+02 1.526817598523199493e+01
1.300000000000000000e+02 1.489448842653549576e+01
1.310000000000000000e+02 1.524456271307680488e+01
1.320000000000000000e+02 1.476711535496137984e+01
1.330000000000000000e+02 1.539965887476389739e+01
1.340000000000000000e+02 1.493276646818952536e+01
1.350000000000000000e+02 1.438992136115042619e+01
1.360000000000000000e+02 1.490082514089771060e+01
1.370000000000000000e+02 1.487998907005694349e+01
1.380000000000000000e+02 1.457896476218036774e+01
1.390000000000000000e+02 1.512109914438638114e+01
1.400000000000000000e+02 1.484861997551340806e+01
1.410000000000000000e+02 1.467487528597307644e+01
1.420000000000000000e+02 1.495713713179036297e+01
1.430000000000000000e+02 1.485871214095157278e+01
1.440000000000000000e+02 1.479307299152535649e+01
1.450000000000000000e+02 1.467481234633792830e+01
1.460000000000000000e+02 1.446434381504346689e+01
1.470000000000000000e+02 1.481982208755565189e+01
1.480000000000000000e+02 1.423081572695148367e+01
1.490000000000000000e+02 1.435134531389498846e+01
1.500000000000000000e+02 1.473519344733975878e+01
1.510000000000000000e+02 1.454653417224441370e+01
1.520000000000000000e+02 1.469273704400257330e+01
1.530000000000000000e+02 1.429447206655328095e+01
1.540000000000000000e+02 1.502563251064755967e+01
1.550000000000000000e+02 1.456676654477099575e+01
1.560000000000000000e+02 1.488590308419506414e+01
1.570000000000000000e+02 1.464037504063648143e+01
1.580000000000000000e+02 1.419676777280348290e+01
1.590000000000000000e+02 1.395175578139158290e+01
1.600000000000000000e+02 1.418507743997450277e+01
1.610000000000000000e+02 1.422910837255335714e+01
1.620000000000000000e+02 1.437363181239930476e+01
1.630000000000000000e+02 1.390067235129989953e+01
1.640000000000000000e+02 1.397608507963306224e+01
1.650000000000000000e+02 1.419336495517790020e+01
1.660000000000000000e+02 1.388259306224515122e+01
1.670000000000000000e+02 1.383227916558516846e+01
1.680000000000000000e+02 1.432977389695147075e+01
1.690000000000000000e+02 1.440324190884175337e+01
1.700000000000000000e+02 1.375098449653535759e+01
1.710000000000000000e+02 1.443377299759676902e+01
1.720000000000000000e+02 1.446129340922815665e+01
1.730000000000000000e+02 1.398392853623743015e+01
1.740000000000000000e+02 1.375433184182064039e+01
1.750000000000000000e+02 1.427501088279548114e+01
1.760000000000000000e+02 1.386722161071476300e+01
1.770000000000000000e+02 1.405120181851568084e+01
1.780000000000000000e+02 1.420450107547117113e+01
1.790000000000000000e+02 1.375904408445726723e+01
1.800000000000000000e+02 1.339186274847195968e+01
1.810000000000000000e+02 1.397170080651001278e+01
1.820000000000000000e+02 1.364287625488556799e+01
1.830000000000000000e+02 1.387367592698766217e+01
1.840000000000000000e+02 1.452357993078221199e+01
1.850000000000000000e+02 1.380699361806220082e+01
1.860000000000000000e+02 1.384998489942193700e+01
1.870000000000000000e+02 1.362780300137101719e+01
1.880000000000000000e+02 1.379985361366950869e+01
1.890000000000000000e+02 1.389184284449729567e+01
1.900000000000000000e+02 1.319588575635428462e+01
1.910000000000000000e+02 1.355957053109793797e+01
1.920000000000000000e+02 1.315155343416159539e+01
1.930000000000000000e+02 1.364358767396158711e+01
1.940000000000000000e+02 1.358395990247752039e+01
1.950000000000000000e+02 1.343986988113830527e+01
1.960000000000000000e+02 1.352259068670551834e+01
1.970000000000000000e+02 1.359977162521105676e+01
1.980000000000000000e+02 1.309869426375881751e+01
1.990000000000000000e+02 1.368172681364432108e+01
2.000000000000000000e+02 1.306502985225912994e+01
2.010000000000000000e+02 1.346925609916451805e+01
2.020000000000000000e+02 1.360607823969408514e+01
2.030000000000000000e+02 1.342072444471623349e+01
2.040000000000000000e+02 1.405495221504536474e+01
2.050000000000000000e+02 1.355198418722796561e+01
2.060000000000000000e+02 1.338084961919324734e+01
2.070000000000000000e+02 1.346229150416249709e+01
2.080000000000000000e+02 1.315088264152880271e+01
2.090000000000000000e+02 1.291365496114598876e+01
2.100000000000000000e+02 1.313396830589533160e+01
2.110000000000000000e+02 1.344299206155344706e+01
2.120000000000000000e+02 1.305803714817083794e+01
2.130000000000000000e+02 1.296562377577671654e+01
2.140000000000000000e+02 1.307683935216898519e+01
2.150000000000000000e+02 1.327521054704866010e+01
2.160000000000000000e+02 1.316354216430908153e+01
2.170000000000000000e+02 1.326785531026459353e+01
2.180000000000000000e+02 1.320999360241520648e+01
2.190000000000000000e+02 1.268176372075209102e+01
2.200000000000000000e+02 1.314260381566448288e+01
2.210000000000000000e+02 1.342204506066560121e+01
2.220000000000000000e+02 1.316732530016513181e+01
2.230000000000000000e+02 1.340356621276327154e+01
2.240000000000000000e+02 1.307977358125906520e+01
2.250000000000000000e+02 1.301319835777811740e+01
2.260000000000000000e+02 1.342963488614814871e+01
2.270000000000000000e+02 1.291165481067869614e+01
2.280000000000000000e+02 1.280026277058039419e+01
2.290000000000000000e+02 1.272853217195861575e+01
2.300000000000000000e+02 1.311722942251574509e+01
2.310000000000000000e+02 1.292729630142318165e+01
2.320000000000000000e+02 1.300805264215871304e+01
2.330000000000000000e+02 1.299713305431407129e+01
2.340000000000000000e+02 1.307024052143936643e+01
2.350000000000000000e+02 1.253848663102599836e+01
2.360000000000000000e+02 1.300933394457212167e+01
2.370000000000000000e+02 1.277614011059245058e+01
2.380000000000000000e+02 1.298927974068575608e+01
2.390000000000000000e+02 1.288893718902256147e+01
2.400000000000000000e+02 1.276822011682941849e+01
2.410000000000000000e+02 1.241025236877703897e+01
2.420000000000000000e+02 1.290270763750413785e+01
2.430000000000000000e+02 1.302027914561391420e+01
2.440000000000000000e+02 1.246693923079986810e+01
2.450000000000000000e+02 1.237428993568641644e+01
2.460000000000000000e+02 1.277967611761239475e+01
2.470000000000000000e+02 1.261785259411684201e+01
2.480000000000000000e+02 1.286280562562692076e+01
2.490000000000000000e+02 1.266407645887841582e+01
2.500000000000000000e+02 1.284118772493010496e+01
2.510000000000000000e+02 1.261712134448420919e+01
2.520000000000000000e+02 1.259169192890036548e+01
2.530000000000000000e+02 1.242799874421692685e+01
2.540000000000000000e+02 1.226888022013542923e+01
2.550000000000000000e+02 1.256629152935825289e+01
2.560000000000000000e+02 1.271922060679019140e+01
2.570000000000000000e+02 1.234806010594907022e+01
2.580000000000000000e+02 1.284397490906135708e+01
2.590000000000000000e+02 1.259537577886876036e+01
2.600000000000000000e+02 1.268123551740509747e+01
2.610000000000000000e+02 1.258168555102869135e+01
2.620000000000000000e+02 1.267019272667193519e+01
2.630000000000000000e+02 1.260157749375572322e+01
2.640000000000000000e+02 1.201513526605994642e+01
2.650000000000000000e+02 1.249404292696583951e+01
2.660000000000000000e+02 1.256799606998250063e+01
2.670000000000000000e+02 1.261850804074052057e+01
2.680000000000000000e+02 1.246992940714651610e+01
2.690000000000000000e+02 1.252995373918988697e+01
2.700000000000000000e+02 1.216800008790845489e+01
2.710000000000000000e+02 1.183511666934404261e+01
2.720000000000000000e+02 1.291389381991665708e+01
2.730000000000000000e+02 1.278140682020943686e+01
2.740000000000000000e+02 1.229842810192952562e+01
2.750000000000000000e+02 1.230415210714871499e+01
2.760000000000000000e+02 1.254736123179976914e+01
2.770000000000000000e+02 1.211854345685485157e+01
2.780000000000000000e+02 1.274924322449493097e+01
2.790000000000000000e+02 1.227128773550700735e+01
2.800000000000000000e+02 1.238304721985815249e+01
2.810000000000000000e+02 1.227514449825367215e+01
2.820000000000000000e+02 1.230109730244733335e+01
2.830000000000000000e+02 1.237052209609031728e+01
2.840000000000000000e+02 1.208076593811470545e+01
2.850000000000000000e+02 1.234540940825605659e+01
2.860000000000000000e+02 1.195676650235022009e+01
2.870000000000000000e+02 1.198956824995362602e+01
2.880000000000000000e+02 1.181389450113998940e+01
2.890000000000000000e+02 1.227049806296939494e+01
2.900000000000000000e+02 1.257247742429544246e+01
2.910000000000000000e+02 1.250150018635267912e+01
2.920000000000000000e+02 1.209794594267016876e+01
2.930000000000000000e+02 1.224616748920587561e+01
2.940000000000000000e+02 1.284288206096492146e+01
2.950000000000000000e+02 1.222642277849459447e+01
2.960000000000000000e+02 1.197142719032443203e+01
2.970000000000000000e+02 1.202883174853632298e+01
2.980000000000000000e+02 1.241589937220423145e+01
2.990000000000000000e+02 1.200677758428355979e+01
3.000000000000000000e+02 1.237093554694539854e+01
3.010000000000000000e+02 1.197670980055730361e+01
3.020000000000000000e+02 1.218138151346933284e+01
3.030000000000000000e+02 1.219029608708687640e+01
3.040000000000000000e+02 1.196467005005667161e+01
3.050000000000000000e+02 1.200656957125763569e+01
3.060000000000000000e+02 1.206608161526929557e+01
3.070000000000000000e+02 1.172593107283883285e+01
3.080000000000000000e+02 1.185801675887692141e+01
3.090000000000000000e+02 1.226294301621777372e+01
3.100000000000000000e+02 1.182643414395364267e+01
3.110000000000000000e+02 1.202441690612149827e+01
3.120000000000000000e+02 1.164373177735201104e+01
3.130000000000000000e+02 1.209787174961468814e+01
3.140000000000000000e+02 1.187036353324080018e+01
3.150000000000000000e+02 1.209187796553272065e+01
3.160000000000000000e+02 1.203996518450042252e+01
3.170000000000000000e+02 1.167962157437428594e+01
3.180000000000000000e+02 1.221153164090172716e+01
3.190000000000000000e+02 1.166835034467723098e+01
3.200000000000000000e+02 1.163053494646779384e+01
3.210000000000000000e+02 1.166475502268367492e+01
3.220000000000000000e+02 1.200194596364575794e+01
3.230000000000000000e+02 1.176189876151820357e+01
3.240000000000000000e+02 1.208348486013141532e+01
3.250000000000000000e+02 1.184395787991483040e+01
3.260000000000000000e+02 1.181902874004567572e+01
3.270000000000000000e+02 1.181282902714972138e+01
3.280000000000000000e+02 1.144548144070286178e+01
3.290000000000000000e+02 1.187001368316004069e+01
3.300000000000000000e+02 1.187046343660618852e+01
3.310000000000000000e+02 1.158614720541447873e+01
3.320000000000000000e+02 1.173644415548553077e+01
3.330000000000000000e+02 1.159694040902522794e+01
3.340000000000000000e+02 1.105747953795954253e+01
3.350000000000000000e+02 1.180095311368675581e+01
3.360000000000000000e+02 1.218765912707804411e+01
3.370000000000000000e+02 1.178507808446058469e+01
3.380000000000000000e+02 1.166771077006043100e+01
3.390000000000000000e+02 1.183299017407869691e+01
3.400000000000000000e+02 1.122308756462937751e+01
3.410000000000000000e+02 1.180304934742570566e+01
3.420000000000000000e+02 1.161960191211715454e+01
3.430000000000000000e+02 1.157259475169935570e+01
3.440000000000000000e+02 1.159481453408318608e+01
3.450000000000000000e+02 1.169621937874405404e+01
3.460000000000000000e+02 1.145662253756509230e+01
3.470000000000000000e+02 1.170078936077762677e+01
3.480000000000000000e+02 1.122917750220931943e+01
3.490000000000000000e+02 1.136126670821500362e+01
3.500000000000000000e+02 1.137549248344408426e+01
3.510000000000000000e+02 1.131938600344398616e+01
3.520000000000000000e+02 1.158607698952911136e+01
3.530000000000000000e+02 1.168597298023350639e+01
3.540000000000000000e+02 1.193080398580335277e+01
3.550000000000000000e+02 1.151435518877329578e+01
3.560000000000000000e+02 1.128086238289645671e+01
3.570000000000000000e+02 1.117302554610795973e+01
3.580000000000000000e+02 1.133398851482719571e+01
3.590000000000000000e+02 1.128985368712827864e+01
3.600000000000000000e+02 1.147689110757048780e+01
3.610000000000000000e+02 1.162332921620848225e+01
3.620000000000000000e+02 1.134055543145353617e+01
3.630000000000000000e+02 1.155157749045846671e+01
3.640000000000000000e+02 1.148105343445482340e+01
3.650000000000000000e+02 1.176545621252444640e+01
3.660000000000000000e+02 1.158144184931948750e+01
3.670000000000000000e+02 1.134447788475593377e+01
3.680000000000000000e+02 1.132144628341160164e+01
3.690000000000000000e+02 1.158742603547704064e+01
3.700000000000000000e+02 1.130672130340291304e+01
3.710000000000000000e+02 1.164270623736070576e+01
3.720000000000000000e+02 1.127694742709671161e+01
3.730000000000000000e+02 1.124056096627098000e+01
3.740000000000000000e+02 1.140480935478329094e+01
3.750000000000000000e+02 1.099895712386638635e+01
3.760000000000000000e+02 1.122147993218464990e+01
3.770000000000000000e+02 1.163820208589252303e+01
3.780000000000000000e+02 1.150747338533027531e+01
3.790000000000000000e+02 1.119952343736011535e+01
3.800000000000000000e+02 1.141852956671065122e+01
3.810000000000000000e+02 1.133252159090487332e+01
3.820000000000000000e+02 1.130401107740910760e+01
3.830000000000000000e+02 1.156054730913639972e+01
3.840000000000000000e+02 1.156333497933993115e+01
3.850000000000000000e+02 1.121013775244453470e+01
3.860000000000000000e+02 1.130106754083692167e+01
3.870000000000000000e+02 1.113650625305125885e+01
3.880000000000000000e+02 1.128196293404787909e+01
3.890000000000000000e+02 1.114574938377369762e+01
3.900000000000000000e+02 1.105275473426837074e+01
3.910000000000000000e+02 1.106138937238621445e+01
3.920000000000000000e+02 1.148511282512478004e+01
3.930000000000000000e+02 1.110362345155336783e+01
3.940000000000000000e+02 1.137478795984040580e+01
3.950000000000000000e+02 1.138356298337754424e+01
3.960000000000000000e+02 1.086346546243236055e+01
3.970000000000000000e+02 1.130755642255900462e+01
3.980000000000000000e+02 1.135885526145291458e+01
3.990000000000000000e+02 1.100292584018117381e+01
4.000000000000000000e+02 1.102756900628428305e+01
4.010000000000000000e+02 1.118634853544750918e+01
4.020000000000000000e+02 1.100132602309134100e+01
4.030000000000000000e+02 1.104392979273490560e+01
4.040000000000000000e+02 1.112159495984116475e+01
4.050000000000000000e+02 1.137624215186819931e+01
4.060000000000000000e+02 1.166657537663749089e+01
4.070000000000000000e+02 1.119264494183498648e+01
4.080000000000000000e+02 1.088960012442557890e+01
4.090000000000000000e+02 1.101718124813426058e+01
4.100000000000000000e+02 1.127576543825248123e+01
4.110000000000000000e+02 1.067339622920173881e+01
4.120000000000000000e+02 1.090960354250533015e+01
4.130000000000000000e+02 1.084788784813394713e+01
4.140000000000000000e+02 1.104365916152245930e+01
4.150000000000000000e+02 1.087862228684869237e+01
4.160000000000000000e+02 1.085064528640774384e+01
4.170000000000000000e+02 1.110651264046608233e+01
4.180000000000000000e+02 1.141583975057607958e+01
4.190000000000000000e+02 1.153609947494741128e+01
4.200000000000000000e+02 1.088259133662209344e+01
4.210000000000000000e+02 1.123045331521122492e+01
4.220000000000000000e+02 1.067547684214743953e+01
4.230000000000000000e+02 1.095664706625708895e+01
4.240000000000000000e+02 1.102422434356647862e+01
4.250000000000000000e+02 1.077155875413882846e+01
4.260000000000000000e+02 1.109563067541691517e+01
4.270000000000000000e+02 1.101176072585176513e+01
4.280000000000000000e+02 1.125317308603994526e+01
4.290000000000000000e+02 1.100156546950930903e+01
4.300000000000000000e+02 1.075112945382657870e+01
4.310000000000000000e+02 1.091134008024729596e+01
4.320000000000000000e+02 1.101728202879074203e+01
4.330000000000000000e+02 1.044330490755512564e+01
4.340000000000000000e+02 1.074753062227515166e+01
4.350000000000000000e+02 1.104997814310826776e+01
4.360000000000000000e+02 1.076814679185058488e+01
4.370000000000000000e+02 1.081553386214782542e+01
4.380000000000000000e+02 1.078969986107654933e+01
4.390000000000000000e+02 1.096510373535718763e+01
4.400000000000000000e+02 1.072736676111918186e+01
4.410000000000000000e+02 1.097186098970088963e+01
4.420000000000000000e+02 1.125042404301082222e+01
4.430000000000000000e+02 1.075186017561437346e+01
4.440000000000000000e+02 1.099526588738536503e+01
4.450000000000000000e+02 1.098480514828575316e+01
4.460000000000000000e+02 1.075333641005541985e+01
4.470000000000000000e+02 1.075832374880016218e+01
4.480000000000000000e+02 1.071987151379236103e+01
4.490000000000000000e+02 1.068610603271780057e+01
4.500000000000000000e+02 1.065271948645230893e+01
4.510000000000000000e+02 1.063646674402999182e+01
4.520000000000000000e+02 1.064621492084723720e+01
4.530000000000000000e+02 1.053120961641829822e+01
4.540000000000000000e+02 1.077908430777389093e+01
4.550000000000000000e+02 1.082312139944709095e+01
4.560000000000000000e+02 1.079354310650892579e+01
4.570000000000000000e+02 1.096189095578929162e+01
4.580000000000000000e+02 1.089684810714151553e+01
4.590000000000000000e+02 1.070660370666942462e+01
4.600000000000000000e+02 1.084873740768225225e+01
4.610000000000000000e+02 1.058199661454863616e+01
4.620000000000000000e+02 1.064583982947994834e+01
4.630000000000000000e+02 1.055115042032515404e+01
4.640000000000000000e+02 1.112957007508166996e+01
4.650000000000000000e+02 1.052772267140815821e+01
4.660000000000000000e+02 1.051036335809983235e+01
4.670000000000000000e+02 1.069789282191460522e+01
4.680000000000000000e+02 1.054478389406299144e+01
4.690000000000000000e+02 1.061336705672698777e+01
4.700000000000000000e+02 1.073075550888445484e+01
4.710000000000000000e+02 1.072690295877450772e+01
4.720000000000000000e+02 1.068389308265165383e+01
4.730000000000000000e+02 1.079249242491030536e+01
4.740000000000000000e+02 1.026611187652335033e+01
4.750000000000000000e+02 1.029595084192790644e+01
4.760000000000000000e+02 1.054081445247774695e+01
4.770000000000000000e+02 1.037705064158530988e+01
4.780000000000000000e+02 1.060711682076156315e+01
4.790000000000000000e+02 1.071152745925924066e+01
4.800000000000000000e+02 1.077138672668164965e+01
4.810000000000000000e+02 1.056237816973297505e+01
4.820000000000000000e+02 1.082374449144183437e+01
4.830000000000000000e+02 1.025100420485213526e+01
4.840000000000000000e+02 1.080971101504350607e+01
4.850000000000000000e+02 1.023327475441555379e+01
4.860000000000000000e+02 1.063046562795768146e+01
4.870000000000000000e+02 1.061746349468693573e+01
4.880000000000000000e+02 1.056725726605797888e+01
4.890000000000000000e+02 1.077172680963326634e+01
4.900000000000000000e+02 1.045190883828797368e+01
4.910000000000000000e+02 1.051119872605415395e+01
4.920000000000000000e+02 1.047947362504432256e+01
4.930000000000000000e+02 1.041284841559609831e+01
4.940000000000000000e+02 1.043526938810714100e+01
4.950000000000000000e+02 1.056954253104781749e+01
4.960000000000000000e+02 1.033123674291146443e+01
4.970000000000000000e+02 1.036970096149664222e+01
4.980000000000000000e+02 1.036726357311218116e+01
4.990000000000000000e+02 1.053582759479004061e+01
5.000000000000000000e+02 1.036621755580672577e+01
5.010000000000000000e+02 1.046332138826217317e+01
5.020000000000000000e+02 1.041575930184104237e+01
5.030000000000000000e+02 1.039324930484038312e+01
5.040000000000000000e+02 1.020273921240742254e+01
5.050000000000000000e+02 1.037548827423610120e+01
5.060000000000000000e+02 1.026954687089518359e+01
5.070000000000000000e+02 9.924668235849610554e+00
5.080000000000000000e+02 1.021888874067956188e+01
5.090000000000000000e+02 1.072236444247886311e+01
5.100000000000000000e+02 1.012973073198708462e+01
5.110000000000000000e+02 1.001528582001109058e+01
5.120000000000000000e+02 1.049697928063872432e+01
5.130000000000000000e+02 1.007037630158881214e+01
5.140000000000000000e+02 1.055516368675980665e+01
5.150000000000000000e+02 1.022667629392921640e+01
5.160000000000000000e+02 1.058928161802960410e+01
5.170000000000000000e+02 1.023596284966603420e+01
5.180000000000000000e+02 1.016802780716075638e+01
5.190000000000000000e+02 1.036839983430695789e+01
5.200000000000000000e+02 1.043613445185355104e+01
5.210000000000000000e+02 1.040108106781721453e+01
5.220000000000000000e+02 1.034762563224223264e+01
5.230000000000000000e+02 9.929661446555668292e+00
5.240000000000000000e+02 1.059447864488715929e+01
5.250000000000000000e+02 1.029908137628925857e+01
5.260000000000000000e+02 9.838564367064915217e+00
5.270000000000000000e+02 9.904886978901222605e+00
5.280000000000000000e+02 1.050493974861842972e+01
5.290000000000000000e+02 1.019487993178946894e+01
5.300000000000000000e+02 1.045064135906981484e+01
5.310000000000000000e+02 1.006819101030438190e+01
5.320000000000000000e+02 1.066774759566848729e+01
5.330000000000000000e+02 1.003910648371271819e+01
5.340000000000000000e+02 1.050999763184691460e+01
5.350000000000000000e+02 1.013548387770959103e+01
5.360000000000000000e+02 1.016450451278677214e+01
5.370000000000000000e+02 1.009365391690450231e+01
5.380000000000000000e+02 1.026146947650739349e+01
5.390000000000000000e+02 1.018391488118332511e+01
5.400000000000000000e+02 1.001170999929820127e+01
5.410000000000000000e+02 1.056066159789071790e+01
5.420000000000000000e+02 9.888625240595056098e+00
5.430000000000000000e+02 1.019979144948693595e+01
5.440000000000000000e+02 1.038351246831255992e+01
5.450000000000000000e+02 1.006794290670082148e+01
5.460000000000000000e+02 1.003015758713154071e+01
5.470000000000000000e+02 1.046146689500280047e+01
5.480000000000000000e+02 1.047882086563311432e+01
5.490000000000000000e+02 9.979337302536547938e+00
5.500000000000000000e+02 1.058964944568181465e+01
5.510000000000000000e+02 9.889458390880747629e+00
5.520000000000000000e+02 1.018974856613100499e+01
5.530000000000000000e+02 9.844453756180767456e+00
5.540000000000000000e+02 1.035637542423257074e+01
5.550000000000000000e+02 1.019865856387189318e+01
5.560000000000000000e+02 9.784943140125315963e+00
5.570000000000000000e+02 1.006286597399458138e+01
5.580000000000000000e+02 9.975595243228584152e+00
5.590000000000000000e+02 1.027640598726903498e+01
5.600000000000000000e+02 1.009077317881601310e+01
5.610000000000000000e+02 1.005728534994007539e+01
5.620000000000000000e+02 1.040478490368882980e+01
5.630000000000000000e+02 1.025529786641635255e+01
5.640000000000000000e+02 9.932779571051176148e+00
5.650000000000000000e+02 1.025414982807412301e+01
5.660000000000000000e+02 9.896047778550551399e+00
5.670000000000000000e+02 9.868513930826269487e+00
5.680000000000000000e+02 1.024128822598723509e+01
5.690000000000000000e+02 9.954184379363143265e+00
5.700000000000000000e+02 9.755841400337585512e+00
5.710000000000000000e+02 1.003985943613821696e+01
5.720000000000000000e+02 9.698208606183866820e+00
5.730000000000000000e+02 9.670884999797996429e+00
5.740000000000000000e+02 1.022752586203984393e+01
5.750000000000000000e+02 9.945357780664485503e+00
5.760000000000000000e+02 1.010620664865693463e+01
5.770000000000000000e+02 1.020003145615816642e+01
5.780000000000000000e+02 1.010227792247352063e+01
5.790000000000000000e+02 9.721828454420096577e+00
5.800000000000000000e+02 9.898465162181178556e+00
5.810000000000000000e+02 9.808876288543622479e+00
5.820000000000000000e+02 9.827068046591117323e+00
5.830000000000000000e+02 9.852929773842369343e+00
5.840000000000000000e+02 1.009599465920827122e+01
5.850000000000000000e+02 9.586154863363853806e+00
5.860000000000000000e+02 9.841388358587543905e+00
5.870000000000000000e+02 9.947918959663683225e+00
5.880000000000000000e+02 1.012688841582860277e+01
5.890000000000000000e+02 1.005845649754145832e+01
5.900000000000000000e+02 9.489309915757917935e+00
5.910000000000000000e+02 9.926271584751502175e+00
5.920000000000000000e+02 9.905889988901694920e+00
5.930000000000000000e+02 9.956627601162217900e+00
5.940000000000000000e+02 1.008925925249453392e+01
5.950000000000000000e+02 1.046347951115817310e+01
5.960000000000000000e+02 9.509988260036625007e+00
5.970000000000000000e+02 1.004903012687225328e+01
5.980000000000000000e+02 9.734895063415065053e+00
5.990000000000000000e+02 9.959454755512648916e+00
6.000000000000000000e+02 9.860658405349843392e+00
6.010000000000000000e+02 9.686664214316502708e+00
6.020000000000000000e+02 9.839369838113000810e+00
6.030000000000000000e+02 9.628783748620200811e+00
6.040000000000000000e+02 9.718887607446161425e+00
6.050000000000000000e+02 9.929380994947392125e+00
6.060000000000000000e+02 1.021664301657683716e+01
6.070000000000000000e+02 9.651705318543900347e+00
6.080000000000000000e+02 1.006089318216053918e+01
6.090000000000000000e+02 9.776394580772434395e+00
6.100000000000000000e+02 9.985711249954416502e+00
6.110000000000000000e+02 9.617839421222939222e+00
6.120000000000000000e+02 9.712728365525853391e+00
6.130000000000000000e+02 9.584179150256181501e+00
6.140000000000000000e+02 9.856247976174692838e+00
6.150000000000000000e+02 9.700813904714681968e+00
6.160000000000000000e+02 1.007380875904182282e+01
6.170000000000000000e+02 9.551102180334510194e+00
6.180000000000000000e+02 9.683274530265846280e+00
6.190000000000000000e+02 9.741956290364111481e+00
6.200000000000000000e+02 9.688494571375628084e+00
6.210000000000000000e+02 9.566444399308847935e+00
6.220000000000000000e+02 9.733616170822008584e+00
6.230000000000000000e+02 9.610111007007597905e+00
6.240000000000000000e+02 9.480264700796794841e+00
6.250000000000000000e+02 9.465028135451571956e+00
6.260000000000000000e+02 1.004533416627739228e+01
6.270000000000000000e+02 9.742705066012346649e+00
6.280000000000000000e+02 9.846268417390763972e+00
6.290000000000000000e+02 9.697223814692243593e+00
6.300000000000000000e+02 9.753135083624217216e+00
6.310000000000000000e+02 9.338226490495802778e+00
6.320000000000000000e+02 9.888323618054112529e+00
6.330000000000000000e+02 9.814449810914300798e+00
6.340000000000000000e+02 9.617332082408127647e+00
6.350000000000000000e+02 9.756616968612503271e+00
6.360000000000000000e+02 9.538386815341626246e+00
6.370000000000000000e+02 9.703391857214096916e+00
6.380000000000000000e+02 9.707170568427404334e+00
6.390000000000000000e+02 9.745229603996190093e+00
6.400000000000000000e+02 9.784950893804044370e+00
6.410000000000000000e+02 9.770095767272188425e+00
6.420000000000000000e+02 9.717174501693955690e+00
6.430000000000000000e+02 9.501728759941414637e+00
6.440000000000000000e+02 9.309777071581413210e+00
6.450000000000000000e+02 9.662499912212993536e+00
6.460000000000000000e+02 9.982112932389448190e+00
6.470000000000000000e+02 9.625773669334078519e+00
6.480000000000000000e+02 9.405030394192705145e+00
6.490000000000000000e+02 9.507703411575409547e+00
6.500000000000000000e+02 9.737080537173971706e+00
6.510000000000000000e+02 9.761330025114324016e+00
6.520000000000000000e+02 9.334667577338574773e+00
6.530000000000000000e+02 9.608578786741322375e+00
6.540000000000000000e+02 9.437958287347850472e+00
6.550000000000000000e+02 9.779457417890890625e+00
6.560000000000000000e+02 9.333303570467075261e+00
6.570000000000000000e+02 9.736165968232299406e+00
6.580000000000000000e+02 9.802478837647369048e+00
6.590000000000000000e+02 9.394745260793378350e+00
6.600000000000000000e+02 9.520552741990281120e+00
6.610000000000000000e+02 1.005885052718872608e+01
6.620000000000000000e+02 9.637663468412808854e+00
6.630000000000000000e+02 9.695635924221818414e+00
6.640000000000000000e+02 9.682374279514599280e+00
6.650000000000000000e+02 9.518880388760656786e+00
6.660000000000000000e+02 9.470684517453991091e+00
6.670000000000000000e+02 9.456240983250111753e+00
6.680000000000000000e+02 9.622233844258747837e+00
6.690000000000000000e+02 9.398984870106428247e+00
6.700000000000000000e+02 9.638212658813987588e+00
6.710000000000000000e+02 9.290301103728252130e+00
6.720000000000000000e+02 9.580198153861264387e+00
6.730000000000000000e+02 9.446524746895738289e+00
6.740000000000000000e+02 9.603732463844146139e+00
6.750000000000000000e+02 9.644896490594174310e+00
6.760000000000000000e+02 9.503200963355247666e+00
6.770000000000000000e+02 9.536048251394076303e+00
6.780000000000000000e+02 9.532504788062333034e+00
6.790000000000000000e+02 9.613709800278105178e+00
6.800000000000000000e+02 9.547192979304757188e+00
6.810000000000000000e+02 9.060248217071835697e+00
6.820000000000000000e+02 9.341539112822406565e+00
6.830000000000000000e+02 9.656713937567902306e+00
6.840000000000000000e+02 9.781477821995522959e+00
6.850000000000000000e+02 9.479276099062188266e+00
6.860000000000000000e+02 9.637555712574487288e+00
6.870000000000000000e+02 9.289992010135970091e+00
6.880000000000000000e+02 9.447410334174678681e+00
6.890000000000000000e+02 9.479057324368739046e+00
6.900000000000000000e+02 9.642005521804678736e+00
6.910000000000000000e+02 9.279513852131648477e+00
6.920000000000000000e+02 9.228892905791976631e+00
6.930000000000000000e+02 9.668105669461048990e+00
6.940000000000000000e+02 9.285879598397400514e+00
6.950000000000000000e+02 9.464428649567974361e+00
6.960000000000000000e+02 9.539822065128660711e+00
6.970000000000000000e+02 9.565223281908254549e+00
6.980000000000000000e+02 8.992338359242843637e+00
6.990000000000000000e+02 9.531215922427179521e+00
7.000000000000000000e+02 9.464305291373070972e+00
7.010000000000000000e+02 9.257415145529966694e+00
7.020000000000000000e+02 9.333455668288952012e+00
7.030000000000000000e+02 9.513385111517472126e+00
7.040000000000000000e+02 9.483609448215004178e+00
7.050000000000000000e+02 9.821367824020457604e+00
7.060000000000000000e+02 9.066620503913108919e+00
7.070000000000000000e+02 9.233921879077978900e+00
7.080000000000000000e+02 9.457379171235167803e+00
7.090000000000000000e+02 9.665358979931083283e+00
7.100000000000000000e+02 9.181976672914998971e+00
7.110000000000000000e+02 9.374567777061523444e+00
7.120000000000000000e+02 9.325464826388181194e+00
7.130000000000000000e+02 9.283781195807254250e+00
7.140000000000000000e+02 9.618874222294625298e+00
7.150000000000000000e+02 9.380798095074215581e+00
7.160000000000000000e+02 9.519356629533611169e+00
7.170000000000000000e+02 9.868442404874794960e+00
7.180000000000000000e+02 9.013180533311931697e+00
7.190000000000000000e+02 9.349922834021471729e+00
7.200000000000000000e+02 9.263825711127418927e+00
7.210000000000000000e+02 9.037027672589919902e+00
7.220000000000000000e+02 9.221884084720812780e+00
7.230000000000000000e+02 9.385858789178088912e+00
7.240000000000000000e+02 9.374719033076164720e+00
7.250000000000000000e+02 9.491198964801911941e+00
7.260000000000000000e+02 9.431419069098609498e+00
7.270000000000000000e+02 9.341809453075297753e+00
7.280000000000000000e+02 9.396182319703374475e+00
7.290000000000000000e+02 9.386612370010741557e+00
7.300000000000000000e+02 9.141849264551904497e+00
7.310000000000000000e+02 9.207772734341062915e+00
7.320000000000000000e+02 9.098773470770391114e+00
7.330000000000000000e+02 9.166467129503040212e+00
7.340000000000000000e+02 9.385265568405408487e+00
7.350000000000000000e+02 9.355613041690551412e+00
7.360000000000000000e+02 9.211363570633462672e+00
7.370000000000000000e+02 9.082733772000752381e+00
7.380000000000000000e+02 9.204797937088688542e+00
7.390000000000000000e+02 9.111281266066026063e+00
7.400000000000000000e+02 9.215645100709217274e+00
7.410000000000000000e+02 9.420011068757457195e+00
7.420000000000000000e+02 9.428663610610430013e+00
7.430000000000000000e+02 8.905854845655882812e+00
7.440000000000000000e+02 9.086873893228068155e+00
7.450000000000000000e+02 9.234407349828449796e+00
7.460000000000000000e+02 9.247108702723823015e+00
7.470000000000000000e+02 8.972759648963638313e+00
7.480000000000000000e+02 9.249873283150055414e+00
7.490000000000000000e+02 9.239433846501219350e+00
7.500000000000000000e+02 9.218920930245703360e+00
7.510000000000000000e+02 8.967206738783406905e+00
7.520000000000000000e+02 9.024329906868135964e+00
7.530000000000000000e+02 9.026910297273525785e+00
7.540000000000000000e+02 9.520170701617788112e+00
7.550000000000000000e+02 9.131474044326246542e+00
7.560000000000000000e+02 9.043505393923478408e+00
7.570000000000000000e+02 9.197733709573896022e+00
7.580000000000000000e+02 9.055959973532761609e+00
7.590000000000000000e+02 8.981963343557536561e+00
7.600000000000000000e+02 9.038575195071334889e+00
7.610000000000000000e+02 8.914504748588836236e+00
7.620000000000000000e+02 8.990115940712513520e+00
7.630000000000000000e+02 8.848551578555010622e+00
7.640000000000000000e+02 9.257774637998581468e+00
7.650000000000000000e+02 9.196941534854762068e+00
7.660000000000000000e+02 9.015840346228840119e+00
7.670000000000000000e+02 8.847883993085352117e+00
7.680000000000000000e+02 9.107314458041232186e+00
7.690000000000000000e+02 9.076196686543031689e+00
7.700000000000000000e+02 8.968057727226417697e+00
7.710000000000000000e+02 8.809226752831769147e+00
7.720000000000000000e+02 9.070140610212702015e+00
7.730000000000000000e+02 8.730913502442804841e+00
7.740000000000000000e+02 9.112567568709604160e+00
7.750000000000000000e+02 9.046576254045046284e+00
7.760000000000000000e+02 9.300388452198141920e+00
7.770000000000000000e+02 8.925025584282227697e+00
7.780000000000000000e+02 8.975189668446915903e+00
7.790000000000000000e+02 8.793700742182251062e+00
7.800000000000000000e+02 8.862810102132661072e+00
7.810000000000000000e+02 8.986975639498087531e+00
7.820000000000000000e+02 8.876518378468153614e+00
7.830000000000000000e+02 8.672620246609826111e+00
7.840000000000000000e+02 8.908209500919928914e+00
7.850000000000000000e+02 8.968340842884128250e+00
7.860000000000000000e+02 9.233149429135124819e+00
7.870000000000000000e+02 8.892556734968769305e+00
7.880000000000000000e+02 8.721637965657867753e+00
7.890000000000000000e+02 9.410716749950106319e+00
7.900000000000000000e+02 8.870537480225170412e+00
7.910000000000000000e+02 8.898001322209829311e+00
7.920000000000000000e+02 8.989559116181066400e+00
7.930000000000000000e+02 8.954604949875744069e+00
7.940000000000000000e+02 8.843773169255618072e+00
7.950000000000000000e+02 8.760508728381415366e+00
7.960000000000000000e+02 9.077692399369096776e+00
7.970000000000000000e+02 9.209219369062175531e+00
7.980000000000000000e+02 8.952116086268194550e+00
7.990000000000000000e+02 9.247981750780219556e+00
8.000000000000000000e+02 8.852181421507690828e+00
8.010000000000000000e+02 8.815748303617523263e+00
8.020000000000000000e+02 9.099912009844269178e+00
8.030000000000000000e+02 8.702474312250631172e+00
8.040000000000000000e+02 8.658659613556155321e+00
8.050000000000000000e+02 8.959053142232045630e+00
8.060000000000000000e+02 8.554581039230860995e+00
8.070000000000000000e+02 8.816615973391495942e+00
8.080000000000000000e+02 9.149810291727851208e+00
8.090000000000000000e+02 9.041033655427654026e+00
8.100000000000000000e+02 8.604416837530852291e+00
8.110000000000000000e+02 9.042965997957930213e+00
8.120000000000000000e+02 8.627365754817599708e+00
8.130000000000000000e+02 8.786358008646566020e+00
8.140000000000000000e+02 8.773388349654398510e+00
8.150000000000000000e+02 8.751321190394468985e+00
8.160000000000000000e+02 8.926988014735623977e+00
8.170000000000000000e+02 8.721524175777055632e+00
8.180000000000000000e+02 8.889291249592375266e+00
8.190000000000000000e+02 8.662748109128903806e+00
8.200000000000000000e+02 8.961101746708129312e+00
8.210000000000000000e+02 8.924404514086864637e+00
8.220000000000000000e+02 8.675886320690182174e+00
8.230000000000000000e+02 8.658597164579729721e+00
8.240000000000000000e+02 8.644089722285700716e+00
8.250000000000000000e+02 8.835233218683542944e+00
8.260000000000000000e+02 9.022890082478781437e+00
8.270000000000000000e+02 8.841101764942763452e+00
8.280000000000000000e+02 8.904592171527562883e+00
8.290000000000000000e+02 8.530206967242126126e+00
8.300000000000000000e+02 8.556554088920112378e+00
8.310000000000000000e+02 8.660409335271634035e+00
8.320000000000000000e+02 8.774229087558797602e+00
8.330000000000000000e+02 8.888020637702933158e+00
8.340000000000000000e+02 8.514900513623421929e+00
8.350000000000000000e+02 8.777338807552482081e+00
8.360000000000000000e+02 8.761536383596807198e+00
8.370000000000000000e+02 8.632275965007004004e+00
8.380000000000000000e+02 8.652477474469048246e+00
8.390000000000000000e+02 8.806889138003928252e+00
8.400000000000000000e+02 8.731595173536755183e+00
8.410000000000000000e+02 8.606790036216548145e+00
8.420000000000000000e+02 8.612186219409998955e+00
8.430000000000000000e+02 8.626848022362150203e+00
8.440000000000000000e+02 8.783937889584347403e+00
8.450000000000000000e+02 8.738516170729715427e+00
8.460000000000000000e+02 8.740624470981963157e+00
8.470000000000000000e+02 8.570107807719834270e+00
8.480000000000000000e+02 8.700674144517796194e+00
8.490000000000000000e+02 8.683025492721412775e+00
8.500000000000000000e+02 8.928897290363227768e+00
8.510000000000000000e+02 8.673151186394909118e+00
8.520000000000000000e+02 8.549799173438172417e+00
8.530000000000000000e+02 8.898587270303355723e+00
8.540000000000000000e+02 8.421441467485463406e+00
8.550000000000000000e+02 8.482938856046201792e+00
8.560000000000000000e+02 8.618754888240717449e+00
8.570000000000000000e+02 8.627815663636232202e+00
8.580000000000000000e+02 8.582590805155627223e+00
8.590000000000000000e+02 8.699970508536919667e+00
8.600000000000000000e+02 8.631565455837463929e+00
8.610000000000000000e+02 8.724677642297727687e+00
8.620000000000000000e+02 8.658956933590669536e+00
8.630000000000000000e+02 8.363509058149166009e+00
8.640000000000000000e+02 8.515384398233756258e+00
8.650000000000000000e+02 8.558384332365028158e+00
8.660000000000000000e+02 8.501746250089345480e+00
8.670000000000000000e+02 8.468638812683016326e+00
8.680000000000000000e+02 8.534920166543647824e+00
8.690000000000000000e+02 8.997473307982174262e+00
8.700000000000000000e+02 8.372781671116280577e+00
8.710000000000000000e+02 8.308301114353870531e+00
8.720000000000000000e+02 8.497828426792132461e+00
8.730000000000000000e+02 8.466434087868648817e+00
8.740000000000000000e+02 8.713512360418715019e+00
8.750000000000000000e+02 8.402529354239437254e+00
8.760000000000000000e+02 8.441454419948673404e+00
8.770000000000000000e+02 8.515381072859788958e+00
8.780000000000000000e+02 8.640414286077543693e+00
8.790000000000000000e+02 8.342288064537941139e+00
8.800000000000000000e+02 8.421538960836073784e+00
8.810000000000000000e+02 8.855654783261030616e+00
8.820000000000000000e+02 8.506165930278989151e+00
8.830000000000000000e+02 8.441502754756543325e+00
8.840000000000000000e+02 8.486679448673752901e+00
8.850000000000000000e+02 8.543519266503356135e+00
8.860000000000000000e+02 8.382291531935869955e+00
8.870000000000000000e+02 8.359500769790804142e+00
8.880000000000000000e+02 8.960818182495458473e+00
8.890000000000000000e+02 8.464416666933729516e+00
8.900000000000000000e+02 8.305998664020593836e+00
8.910000000000000000e+02 8.373137400786728080e+00
8.920000000000000000e+02 8.223774777433511929e+00
8.930000000000000000e+02 8.532020837116998990e+00
8.940000000000000000e+02 8.726446102501013158e+00
8.950000000000000000e+02 8.636988911769140742e+00
8.960000000000000000e+02 8.049890146011620118e+00
8.970000000000000000e+02 8.334620838175558433e+00
8.980000000000000000e+02 8.531331529232208055e+00
8.990000000000000000e+02 8.415685365884442604e+00
9.000000000000000000e+02 8.814177918851324733e+00
9.010000000000000000e+02 8.218666080911972927e+00
9.020000000000000000e+02 8.119360089660590418e+00
9.030000000000000000e+02 8.191244848465975892e+00
9.040000000000000000e+02 8.210529979796760358e+00
9.050000000000000000e+02 8.346832654121302042e+00
9.060000000000000000e+02 8.256113420724647156e+00
9.070000000000000000e+02 8.640146403594480162e+00
9.080000000000000000e+02 8.511889682036771987e+00
9.090000000000000000e+02 8.384343912218376715e+00
9.100000000000000000e+02 8.368222120421902943e+00
9.110000000000000000e+02 8.525003420018135714e+00
9.120000000000000000e+02 8.264491232807776200e+00
9.130000000000000000e+02 8.344349978387015199e+00
9.140000000000000000e+02 8.145021515386822841e+00
9.150000000000000000e+02 8.233485265176803125e+00
9.160000000000000000e+02 8.235925492141443982e+00
9.170000000000000000e+02 8.398672429534240536e+00
9.180000000000000000e+02 8.555703089760251956e+00
9.190000000000000000e+02 8.354127113222935108e+00
9.200000000000000000e+02 8.611395172178696100e+00
9.210000000000000000e+02 8.345648906269209633e+00
9.220000000000000000e+02 8.209289211812322407e+00
9.230000000000000000e+02 8.160351278839417688e+00
9.240000000000000000e+02 8.395820935113409433e+00
9.250000000000000000e+02 8.383621092071907199e+00
9.260000000000000000e+02 8.430646585201664323e+00
9.270000000000000000e+02 8.157349665478001555e+00
9.280000000000000000e+02 8.799508142909306940e+00
9.290000000000000000e+02 8.389243448295255590e+00
9.300000000000000000e+02 8.538633206080046278e+00
9.310000000000000000e+02 8.219288198466520257e+00
9.320000000000000000e+02 8.368511039669924045e+00
9.330000000000000000e+02 8.268022625698735695e+00
9.340000000000000000e+02 8.143752141956577262e+00
9.350000000000000000e+02 8.083251942821755520e+00
9.360000000000000000e+02 8.584232542841373714e+00
9.370000000000000000e+02 8.299826553479169533e+00
9.380000000000000000e+02 8.196981892123396563e+00
9.390000000000000000e+02 8.432700136196730867e+00
9.400000000000000000e+02 8.040194082611945348e+00
9.410000000000000000e+02 8.203129346689927104e+00
9.420000000000000000e+02 8.170925131152225518e+00
9.430000000000000000e+02 8.261477020948809979e+00
9.440000000000000000e+02 8.195400659352049644e+00
9.450000000000000000e+02 8.287322276623383388e+00
9.460000000000000000e+02 8.414477661619903515e+00
9.470000000000000000e+02 8.060111710009978836e+00
9.480000000000000000e+02 8.322172500745647739e+00
9.490000000000000000e+02 8.129416572798742635e+00
9.500000000000000000e+02 8.353563719941941912e+00
9.510000000000000000e+02 8.290696556107938875e+00
9.520000000000000000e+02 8.407127796722033253e+00
9.530000000000000000e+02 7.926449490720667512e+00
9.540000000000000000e+02 8.274361467040909801e+00
9.550000000000000000e+02 8.308099985807634980e+00
9.560000000000000000e+02 8.118023695361356928e+00
9.570000000000000000e+02 8.252735810142864281e+00
9.580000000000000000e+02 8.102778130256304223e+00
9.590000000000000000e+02 8.566127576461397553e+00
9.600000000000000000e+02 8.127162375147719331e+00
9.610000000000000000e+02 8.001283032944373375e+00
9.620000000000000000e+02 8.295652460886548951e+00
9.630000000000000000e+02 8.327901104837060586e+00
9.640000000000000000e+02 8.231935540091113168e+00
9.650000000000000000e+02 8.297930584086978811e+00
9.660000000000000000e+02 8.281111504784332666e+00
9.670000000000000000e+02 7.983570603136999289e+00
9.680000000000000000e+02 8.482846763371153287e+00
9.690000000000000000e+02 8.302412583650458089e+00
9.700000000000000000e+02 8.237655518826469958e+00
9.710000000000000000e+02 7.968610850015946490e+00
9.720000000000000000e+02 8.227982583376872938e+00
9.730000000000000000e+02 8.345857311844827819e+00
9.740000000000000000e+02 8.060101799425023472e+00
9.750000000000000000e+02 8.015738516252831403e+00
9.760000000000000000e+02 8.232240843035723898e+00
9.770000000000000000e+02 8.221229837231593507e+00
9.780000000000000000e+02 8.317554216159248170e+00
9.790000000000000000e+02 7.945260220345952362e+00
9.800000000000000000e+02 8.046022645870737122e+00
9.810000000000000000e+02 8.268058734625364892e+00
9.820000000000000000e+02 8.132637386949827629e+00
9.830000000000000000e+02 8.133214957706799808e+00
9.840000000000000000e+02 8.118185271693281635e+00
9.850000000000000000e+02 8.102679544848975013e+00
9.860000000000000000e+02 7.958983044236815019e+00
9.870000000000000000e+02 8.312084187925737666e+00
9.880000000000000000e+02 8.504101794172001405e+00
9.890000000000000000e+02 8.470202406134982098e+00
9.900000000000000000e+02 8.256418879230997376e+00
9.910000000000000000e+02 7.912052660149748284e+00
9.920000000000000000e+02 8.293002743183629732e+00
9.930000000000000000e+02 8.251396716676946852e+00
9.940000000000000000e+02 8.121265757702182952e+00
9.950000000000000000e+02 8.380243520088527021e+00
9.960000000000000000e+02 8.069769003363560955e+00
9.970000000000000000e+02 7.983414135821058188e+00
9.980000000000000000e+02 8.143581931300007071e+00
9.990000000000000000e+02 7.904099434112409561e+00
1.000000000000000000e+03 8.245039901035349672e+00
1.001000000000000000e+03 8.287528996828282146e+00
1.002000000000000000e+03 7.989927646455364574e+00
1.003000000000000000e+03 8.246326830833117683e+00
1.004000000000000000e+03 8.048715049685224443e+00
1.005000000000000000e+03 8.085345517232084944e+00
1.006000000000000000e+03 7.961727938316771613e+00
1.007000000000000000e+03 8.176223232801822505e+00
1.008000000000000000e+03 8.420871714180728773e+00
1.009000000000000000e+03 8.180506366219233882e+00
1.010000000000000000e+03 8.082206883982916423e+00
1.011000000000000000e+03 8.339642676992403025e+00
1.012000000000000000e+03 7.906065779774198887e+00
1.013000000000000000e+03 8.095261323530687392e+00
1.014000000000000000e+03 8.365831202188168447e+00
1.015000000000000000e+03 7.988862633128057666e+00
1.016000000000000000e+03 8.180847115590085039e+00
1.017000000000000000e+03 8.052701830137641181e+00
1.018000000000000000e+03 8.084499435988947269e+00
1.019000000000000000e+03 7.954471041685384769e+00
1.020000000000000000e+03 8.138231074613829108e+00
1.021000000000000000e+03 8.091236883816012693e+00
1.022000000000000000e+03 8.187958868640762944e+00
1.023000000000000000e+03 7.794731403581665496e+00
1.024000000000000000e+03 8.132741178051665187e+00
1.025000000000000000e+03 8.125800200188258771e+00
1.026000000000000000e+03 7.868043700311825539e+00
1.027000000000000000e+03 7.947728845619845828e+00
1.028000000000000000e+03 7.743279734171337303e+00
1.029000000000000000e+03 8.144409221742668237e+00
1.030000000000000000e+03 8.116988702426686686e+00
1.031000000000000000e+03 7.988648938451488490e+00
1.032000000000000000e+03 8.112230413765324499e+00
1.033000000000000000e+03 7.937062282368597899e+00
1.034000000000000000e+03 8.205125441794946184e+00
1.035000000000000000e+03 8.079779254564991575e+00
1.036000000000000000e+03 7.959866526092651107e+00
1.037000000000000000e+03 7.858469590289031359e+00
1.038000000000000000e+03 7.808436134975627496e+00
1.039000000000000000e+03 7.868490368864425655e+00
1.040000000000000000e+03 8.233033202364833159e+00
1.041000000000000000e+03 8.137229357643066763e+00
1.042000000000000000e+03 7.902107184431249820e+00
1.043000000000000000e+03 8.126654903043064593e+00
1.044000000000000000e+03 7.897764839297481743e+00
1.045000000000000000e+03 7.890126883201728170e+00
1.046000000000000000e+03 7.850290085275774210e+00
1.047000000000000000e+03 8.067593850698985491e+00
1.048000000000000000e+03 7.940597712169727096e+00
1.049000000000000000e+03 8.151982614855148412e+00
1.050000000000000000e+03 8.019872809110697887e+00
1.051000000000000000e+03 7.893812736747576331e+00
1.052000000000000000e+03 7.876034585137657196e+00
1.053000000000000000e+03 8.240536507751180295e+00
1.054000000000000000e+03 7.734846256998574532e+00
1.055000000000000000e+03 7.755294833077278405e+00
1.056000000000000000e+03 7.749338437816884806e+00
1.057000000000000000e+03 8.007744408314563245e+00
1.058000000000000000e+03 8.064819972518687763e+00
1.059000000000000000e+03 8.128337406811267485e+00
1.060000000000000000e+03 8.063592522105862415e+00
1.061000000000000000e+03 7.738903846954955590e+00
1.062000000000000000e+03 8.088419500796302231e+00
1.063000000000000000e+03 7.950701340847823317e+00
1.064000000000000000e+03 7.901686319525034641e+00
1.065000000000000000e+03 7.802530827174548378e+00
1.066000000000000000e+03 8.214664314709459347e+00
1.067000000000000000e+03 7.876848084080687151e+00
1.068000000000000000e+03 8.105197618137966131e+00
1.069000000000000000e+03 7.721124080982977311e+00
1.070000000000000000e+03 7.830071780278889726e+00
1.071000000000000000e+03 7.988816162914485375e+00
1.072000000000000000e+03 7.925180171797770790e+00
1.073000000000000000e+03 7.771378198510864976e+00
1.074000000000000000e+03 7.820078041923095746e+00
1.075000000000000000e+03 7.855302605391170978e+00
1.076000000000000000e+03 8.060669778923001516e+00
1.077000000000000000e+03 7.881622146352532887e+00
1.078000000000000000e+03 8.031213682815792509e+00
1.079000000000000000e+03 8.006029989178124140e+00
1.080000000000000000e+03 7.735757929434506686e+00
1.081000000000000000e+03 7.766139055367366595e+00
1.082000000000000000e+03 7.940108259042646388e+00
1.083000000000000000e+03 8.103417562772127880e+00
1.084000000000000000e+03 7.839372501828671069e+00
1.085000000000000000e+03 7.863415023140288618e+00
1.086000000000000000e+03 7.792400053252729997e+00
1.087000000000000000e+03 7.922761055154679433e+00
1.088000000000000000e+03 7.972828637543043051e+00
1.089000000000000000e+03 8.030549350401519959e+00
1.090000000000000000e+03 7.816099283175362622e+00
1.091000000000000000e+03 7.931581317554668331e+00
1.092000000000000000e+03 7.536091888101529968e+00
1.093000000000000000e+03 8.018386284837308864e+00
1.094000000000000000e+03 7.992097754513868502e+00
1.095000000000000000e+03 7.522865106847564043e+00
1.096000000000000000e+03 7.711394585108247490e+00
1.097000000000000000e+03 7.791180399557284808e+00
1.098000000000000000e+03 7.862889907925659116e+00
1.099000000000000000e+03 7.887261965169024336e+00
1.100000000000000000e+03 7.830113881393315545e+00
1.101000000000000000e+03 7.925458752822169828e+00
1.102000000000000000e+03 8.013409030535029842e+00
1.103000000000000000e+03 7.664640437918707860e+00
1.104000000000000000e+03 7.619674611806489750e+00
1.105000000000000000e+03 8.010802607991054813e+00
1.106000000000000000e+03 7.991054496099731175e+00
1.107000000000000000e+03 7.796905533727420234e+00
1.108000000000000000e+03 7.661688386132046169e+00
1.109000000000000000e+03 7.753158269023776583e+00
1.110000000000000000e+03 7.957098174084832110e+00
1.111000000000000000e+03 7.766166509177928390e+00
1.112000000000000000e+03 7.764463537782289926e+00
1.113000000000000000e+03 7.808742629771837862e+00
1.114000000000000000e+03 7.706402212264968909e+00
1.115000000000000000e+03 7.782553184545157876e+00
1.116000000000000000e+03 7.880643691126159034e+00
1.117000000000000000e+03 7.522659320919382608e+00
1.118000000000000000e+03 7.790823289978789035e+00
1.119000000000000000e+03 7.751491523158894559e+00
1.120000000000000000e+03 7.860516685467087150e+00
1.121000000000000000e+03 7.735858258962238665e+00
1.122000000000000000e+03 7.950797343397903560e+00
1.123000000000000000e+03 7.861721822942707050e+00
1.124000000000000000e+03 8.000400462080049735e+00
1.125000000000000000e+03 7.818552951720819877e+00
1.126000000000000000e+03 7.687012197364269994e+00
1.127000000000000000e+03 7.755604885723952790e+00
1.128000000000000000e+03 7.876999273242884847e+00
1.129000000000000000e+03 7.703521419407657334e+00
1.130000000000000000e+03 7.608833366584552671e+00
1.131000000000000000e+03 7.716186243032374215e+00
1.132000000000000000e+03 7.733734337698454198e+00
1.133000000000000000e+03 7.557687430848587518e+00
1.134000000000000000e+03 7.784028000050086327e+00
1.135000000000000000e+03 7.476084352142771117e+00
1.136000000000000000e+03 7.802759259370773748e+00
1.137000000000000000e+03 7.722982574409460454e+00
1.138000000000000000e+03 7.696680293455306909e+00
1.139000000000000000e+03 7.742912942280078425e+00
1.140000000000000000e+03 7.956720545844369497e+00
1.141000000000000000e+03 7.650822658562708156e+00
1.142000000000000000e+03 7.764901425342507046e+00
1.143000000000000000e+03 7.692373524979804422e+00
1.144000000000000000e+03 7.511802385866853449e+00
1.145000000000000000e+03 7.926227373383080810e+00
1.146000000000000000e+03 7.845121872242775574e+00
1.147000000000000000e+03 7.662579187301569839e+00
1.148000000000000000e+03 7.610977892691020763e+00
1.149000000000000000e+03 7.807233911064612286e+00
1.150000000000000000e+03 7.545678378005035825e+00
1.151000000000000000e+03 7.841965853686190258e+00
1.152000000000000000e+03 7.754002146104045146e+00
1.153000000000000000e+03 7.900807912553858614e+00
1.154000000000000000e+03 7.595225230465152855e+00
1.155000000000000000e+03 7.472105323400055177e+00
1.156000000000000000e+03 7.420742411669778882e+00
1.157000000000000000e+03 7.779608754091555944e+00
1.158000000000000000e+03 7.769450124762143695e+00
1.159000000000000000e+03 7.828133724436797003e+00
1.160000000000000000e+03 7.674488417791620165e+00
1.161000000000000000e+03 7.828942221665784906e+00
1.162000000000000000e+03 8.081973519022758623e+00
1.163000000000000000e+03 7.526412982038852562e+00
1.164000000000000000e+03 7.713365326430388080e+00
1.165000000000000000e+03 7.797535025967372135e+00
1.166000000000000000e+03 7.457296645586422912e+00
1.167000000000000000e+03 7.443302506759211568e+00
1.168000000000000000e+03 7.530672653202969968e+00
1.169000000000000000e+03 7.592838306966216422e+00
1.170000000000000000e+03 7.689689515378757889e+00
1.171000000000000000e+03 7.638698980564044838e+00
1.172000000000000000e+03 7.823064816631894125e+00
1.173000000000000000e+03 7.839459853505299947e+00
1.174000000000000000e+03 7.652315223854808224e+00
1.175000000000000000e+03 7.596599754307782781e+00
1.176000000000000000e+03 7.602128661137651733e+00
1.177000000000000000e+03 7.488196697148691072e+00
1.178000000000000000e+03 7.644413887270250285e+00
1.179000000000000000e+03 7.431570440284407830e+00
1.180000000000000000e+03 7.466992101184483310e+00
1.181000000000000000e+03 7.643607387870150482e+00
1.182000000000000000e+03 7.767441669739348242e+00
1.183000000000000000e+03 7.499665213085374482e+00
1.184000000000000000e+03 7.694281183252378753e+00
1.185000000000000000e+03 7.662653482186324361e+00
1.186000000000000000e+03 7.662740953269490340e+00
1.187000000000000000e+03 7.583643414339229949e+00
1.188000000000000000e+03 7.679905220820971046e+00
1.189000000000000000e+03 7.589077190822084873e+00
1.190000000000000000e+03 7.884680561530403864e+00
1.191000000000000000e+03 7.721494482209661392e+00
1.192000000000000000e+03 7.904795325834187203e+00
1.193000000000000000e+03 7.777048624371347252e+00
1.194000000000000000e+03 7.398944207918403571e+00
1.195000000000000000e+03 7.374978835214234252e+00
1.196000000000000000e+03 7.974334711814956123e+00
1.197000000000000000e+03 7.711645844965160812e+00
1.198000000000000000e+03 7.520006051266172165e+00
1.199000000000000000e+03 7.469203352361805770e+00
1.200000000000000000e+03 7.544456103363666344e+00
1.201000000000000000e+03 7.761507556511733519e+00
1.202000000000000000e+03 7.725321606210965975e+00
1.203000000000000000e+03 7.791122227326427563e+00
1.204000000000000000e+03 7.900515426332222368e+00
1.205000000000000000e+03 7.477844850827134238e+00
1.206000000000000000e+03 7.719223402695361891e+00
1.207000000000000000e+03 7.578645580161787798e+00
1.208000000000000000e+03 7.551918946653475295e+00
1.209000000000000000e+03 7.528553538266038458e+00
1.210000000000000000e+03 7.613241585581710602e+00
1.211000000000000000e+03 7.572160902800572302e+00
1.212000000000000000e+03 7.519863134522649872e+00
1.213000000000000000e+03 7.626254696371394637e+00
1.214000000000000000e+03 7.503073078824666453e+00
1.215000000000000000e+03 7.471772177171741802e+00
1.216000000000000000e+03 7.588056362906780983e+00
1.217000000000000000e+03 7.717352038181100049e+00
1.218000000000000000e+03 7.599642888131367791e+00
1.219000000000000000e+03 7.357558524540525724e+00
1.220000000000000000e+03 7.440819104856639221e+00
1.221000000000000000e+03 7.562038601270578475e+00
1.222000000000000000e+03 7.464202134511189080e+00
1.223000000000000000e+03 7.740334682224006890e+00
1.224000000000000000e+03 7.648305077442408617e+00
1.225000000000000000e+03 7.581859437181719841e+00
1.226000000000000000e+03 7.555056216748540443e+00
1.227000000000000000e+03 7.661329602851876253e+00
1.228000000000000000e+03 7.507226516171663810e+00
1.229000000000000000e+03 7.571201853658791947e+00
1.230000000000000000e+03 7.453194805053233729e+00
1.231000000000000000e+03 7.555423499358008499e+00
1.232000000000000000e+03 7.438064493437641644e+00
1.233000000000000000e+03 7.715218785394173828e+00
1.234000000000000000e+03 7.326707261121049974e+00
1.235000000000000000e+03 7.498713681401682152e+00
1.236000000000000000e+03 7.615937464612792418e+00
1.237000000000000000e+03 7.752410317958115193e+00
1.238000000000000000e+03 7.292672774556735682e+00
1.239000000000000000e+03 7.495929834972939965e+00
1.240000000000000000e+03 7.463662763655054988e+00
1.241000000000000000e+03 7.614065159082691991e+00
1.242000000000000000e+03 7.576107446192095196e+00
1.243000000000000000e+03 7.798510120918003885e+00
1.244000000000000000e+03 7.737243672385782034e+00
1.245000000000000000e+03 7.590683065948505615e+00
1.246000000000000000e+03 7.576321509733848991e+00
1.247000000000000000e+03 7.529414521534825155e+00
1.248000000000000000e+03 7.636489109745983050e+00
1.249000000000000000e+03 7.465496898296437145e+00
1.250000000000000000e+03 7.577053721359302330e+00
1.251000000000000000e+03 7.354300774562941179e+00
1.252000000000000000e+03 7.436984135005145546e+00
1.253000000000000000e+03 7.434663571251062919e+00
1.254000000000000000e+03 7.592452427679365456e+00
1.255000000000000000e+03 7.608734713866859956e+00
1.256000000000000000e+03 7.406972332723729124e+00
1.257000000000000000e+03 7.833392949555274321e+00
1.258000000000000000e+03 7.536627329835384081e+00
1.259000000000000000e+03 7.547268525677021778e+00
1.260000000000000000e+03 7.345311432605223345e+00
1.261000000000000000e+03 7.710970886593066176e+00
1.262000000000000000e+03 7.230415192554638715e+00
1.263000000000000000e+03 7.459723835792127389e+00
1.264000000000000000e+03 7.454977824320019764e+00
1.265000000000000000e+03 7.348749627826706821e+00
1.266000000000000000e+03 7.671487317150903706e+00
1.267000000000000000e+03 7.513059888740158065e+00
1.268000000000000000e+03 7.928080848177537554e+00
1.269000000000000000e+03 7.540046587112144927e+00
1.270000000000000000e+03 7.588993837013834565e+00
1.271000000000000000e+03 7.720261660203125764e+00
1.272000000000000000e+03 7.342257124473033691e+00
1.273000000000000000e+03 7.651542403050833663e+00
1.274000000000000000e+03 7.317872431911384368e+00
1.275000000000000000e+03 7.346665675998041323e+00
1.276000000000000000e+03 7.316077718118438433e+00
1.277000000000000000e+03 7.466387078538004651e+00
1.278000000000000000e+03 7.427692684767143838e+00
1.279000000000000000e+03 7.490340271913177084e+00
1.280000000000000000e+03 7.547124253591276144e+00
1.281000000000000000e+03 7.444411664060957001e+00
1.282000000000000000e+03 7.383350458074556144e+00
1.283000000000000000e+03 7.224827394815916293e+00
1.284000000000000000e+03 7.492217919531785064e+00
1.285000000000000000e+03 7.622873140854138363e+00
1.286000000000000000e+03 7.677682181347264212e+00
1.287000000000000000e+03 7.317705345763036995e+00
1.288000000000000000e+03 7.452917825453008405e+00
1.289000000000000000e+03 7.571195140933632217e+00
1.290000000000000000e+03 7.480866314292109465e+00
1.291000000000000000e+03 7.398299283550651140e+00
1.292000000000000000e+03 7.394684869137066130e+00
1.293000000000000000e+03 7.457348336278815104e+00
1.294000000000000000e+03 7.016760024185242806e+00
1.295000000000000000e+03 7.207002874703752227e+00
1.296000000000000000e+03 7.397132782970022191e+00
1.297000000000000000e+03 7.525543782427452477e+00
1.298000000000000000e+03 7.367899906419996370e+00
1.299000000000000000e+03 7.341368410018118240e+00
1.300000000000000000e+03 7.505605666598965442e+00
1.301000000000000000e+03 7.374059465186269868e+00
1.302000000000000000e+03 7.392228998784062810e+00
1.303000000000000000e+03 7.317500099854385098e+00
1.304000000000000000e+03 7.487342673307074037e+00
1.305000000000000000e+03 7.400219191494729287e+00
1.306000000000000000e+03 7.232127396584286494e+00
1.307000000000000000e+03 7.373329690042584872e+00
1.308000000000000000e+03 7.428050159614614678e+00
1.309000000000000000e+03 7.301100592080263851e+00
1.310000000000000000e+03 7.253491139619995032e+00
1.311000000000000000e+03 7.449033497244439417e+00
1.312000000000000000e+03 7.335828645380272128e+00
1.313000000000000000e+03 7.366419935004839381e+00
1.314000000000000000e+03 7.290735297536122594e+00
1.315000000000000000e+03 7.335739705026723456e+00
1.316000000000000000e+03 7.512038938021936119e+00
1.317000000000000000e+03 7.188435625395442230e+00
1.318000000000000000e+03 7.170816217851172958e+00
1.319000000000000000e+03 7.351396234628457371e+00
1.320000000000000000e+03 7.283726537627004838e+00
1.321000000000000000e+03 7.456816430678117946e+00
1.322000000000000000e+03 7.418559355286653556e+00
1.323000000000000000e+03 7.306186646688659359e+00
1.324000000000000000e+03 7.516575109379026287e+00
1.325000000000000000e+03 7.088774947056831088e+00
1.326000000000000000e+03 7.465268413755608456e+00
1.327000000000000000e+03 7.465634799425142631e+00
1.328000000000000000e+03 7.771456465826865667e+00
1.329000000000000000e+03 7.253248633762665598e+00
1.330000000000000000e+03 7.096426626105794000e+00
1.331000000000000000e+03 7.284583601580408185e+00
1.332000000000000000e+03 7.409450565941289035e+00
1.333000000000000000e+03 7.357351827928140686e+00
1.334000000000000000e+03 7.288781411394831267e+00
1.335000000000000000e+03 7.355445034550792016e+00
1.336000000000000000e+03 7.327085827381550232e+00
1.337000000000000000e+03 7.294845896727200518e+00
1.338000000000000000e+03 7.330594465981481456e+00
1.339000000000000000e+03 7.597963660798845886e+00
1.340000000000000000e+03 7.067342527426423437e+00
1.341000000000000000e+03 7.246977380776645994e+00
1.342000000000000000e+03 7.505549012594030067e+00
1.343000000000000000e+03 7.051199572538997984e+00
1.344000000000000000e+03 7.380823407338764852e+00
1.345000000000000000e+03 7.341313466465200221e+00
1.346000000000000000e+03 7.195595398921096120e+00
1.347000000000000000e+03 7.190264027911237754e+00
1.348000000000000000e+03 7.282291478669379536e+00
1.349000000000000000e+03 7.227142543061899183e+00
1.350000000000000000e+03 7.429897283216569726e+00
1.351000000000000000e+03 7.443469873596038511e+00
1.352000000000000000e+03 7.295262822371462619e+00
1.353000000000000000e+03 7.360825375818309091e+00
1.354000000000000000e+03 7.099619595161586361e+00
1.355000000000000000e+03 7.549060669319040962e+00
1.356000000000000000e+03 7.279648196673717209e+00
1.357000000000000000e+03 7.000347296333373492e+00
1.358000000000000000e+03 7.208012269394962424e+00
1.359000000000000000e+03 7.432699652706361348e+00
1.360000000000000000e+03 7.424652362836598130e+00
1.361000000000000000e+03 7.335756848064107771e+00
1.362000000000000000e+03 7.364777166251899487e+00
1.363000000000000000e+03 7.024387273046094116e+00
1.364000000000000000e+03 7.354520599267178937e+00
1.365000000000000000e+03 7.417925844705668403e+00
1.366000000000000000e+03 7.299159981356305948e+00
1.367000000000000000e+03 7.152595504929374570e+00
1.368000000000000000e+03 7.311958393083307861e+00
1.369000000000000000e+03 7.291124197690470154e+00
1.370000000000000000e+03 7.359104635172399433e+00
1.371000000000000000e+03 7.403138180020491177e+00
1.372000000000000000e+03 7.225636348742284554e+00
1.373000000000000000e+03 7.347973771354197936e+00
1.374000000000000000e+03 7.415595014126948215e+00
1.375000000000000000e+03 7.052285563407563629e+00
1.376000000000000000e+03 7.423471508377120998e+00
1.377000000000000000e+03 7.167701739761429991e+00
1.378000000000000000e+03 7.352880383374522211e+00
1.379000000000000000e+03 7.190120135820619929e+00
1.380000000000000000e+03 7.251011218638246270e+00
1.381000000000000000e+03 7.246128761836375887e+00
1.382000000000000000e+03 7.188710886895355756e+00
1.383000000000000000e+03 7.157945941386850919e+00
1.384000000000000000e+03 7.367083294087764855e+00
1.385000000000000000e+03 7.284604652903901467e+00
1.386000000000000000e+03 7.232173901983796505e+00
1.387000000000000000e+03 7.174436941699872783e+00
1.388000000000000000e+03 6.957759345307681365e+00
1.389000000000000000e+03 7.260052140077957183e+00
1.390000000000000000e+03 7.326912370823279730e+00
1.391000000000000000e+03 7.248068901906222550e+00
1.392000000000000000e+03 7.094558960571077932e+00
1.393000000000000000e+03 7.291317726734661164e+00
1.394000000000000000e+03 7.232687833434524372e+00
1.395000000000000000e+03 7.208778235878096297e+00
1.396000000000000000e+03 7.059587891210408195e+00
1.397000000000000000e+03 7.354953044033822884e+00
1.398000000000000000e+03 7.264381044154505140e+00
1.399000000000000000e+03 7.200542265076390613e+00
1.400000000000000000e+03 7.033490851572673286e+00
1.401000000000000000e+03 7.148653878228100389e+00
1.402000000000000000e+03 7.185781023869957096e+00
1.403000000000000000e+03 7.124945946699394739e+00
1.404000000000000000e+03 6.883063173289733605e+00
1.405000000000000000e+03 7.172107962915937662e+00
1.406000000000000000e+03 6.960657017769404931e+00
1.407000000000000000e+03 7.166719908287686458e+00
1.408000000000000000e+03 7.202937461622181736e+00
1.409000000000000000e+03 7.167835518274956463e+00
1.410000000000000000e+03 7.174523673352637410e+00
1.411000000000000000e+03 7.230852437400088206e+00
1.412000000000000000e+03 7.321001189509241946e+00
1.413000000000000000e+03 7.434977526066699482e+00
1.414000000000000000e+03 7.230469325226041022e+00
1.415000000000000000e+03 7.235677079245045107e+00
1.416000000000000000e+03 6.964036081962752256e+00
1.417000000000000000e+03 7.251855008937276637e+00
1.418000000000000000e+03 7.073822577154492031e+00
1.419000000000000000e+03 7.185704956672285704e+00
1.420000000000000000e+03 7.225815767441568838e+00
1.421000000000000000e+03 7.072437714345942261e+00
1.422000000000000000e+03 7.187183843666117511e+00
1.423000000000000000e+03 7.172309527766512538e+00
1.424000000000000000e+03 7.289748937293590636e+00
1.425000000000000000e+03 7.028294902274728528e+00
1.426000000000000000e+03 7.175871678303733958e+00
1.427000000000000000e+03 6.857049270639393512e+00
1.428000000000000000e+03 7.123267390497811213e+00
1.429000000000000000e+03 7.329685981819268115e+00
1.430000000000000000e+03 7.205034593900555784e+00
1.431000000000000000e+03 6.906731082197231864e+00
1.432000000000000000e+03 7.215106626342676854e+00
1.433000000000000000e+03 7.281627848362322908e+00
1.434000000000000000e+03 7.099451364910999374e+00
1.435000000000000000e+03 7.237866696383328247e+00
1.436000000000000000e+03 7.053980731863794595e+00
1.437000000000000000e+03 7.292349246651872008e+00
1.438000000000000000e+03 7.279534696753897194e+00
1.439000000000000000e+03 7.452432073638260768e+00
1.440000000000000000e+03 7.048870354683311135e+00
1.441000000000000000e+03 7.043801878266341632e+00
1.442000000000000000e+03 7.133521309107064390e+00
1.443000000000000000e+03 7.123636320080081852e+00
1.444000000000000000e+03 7.168451313995856999e+00
1.445000000000000000e+03 7.146916987722974568e+00
1.446000000000000000e+03 7.110683011072649329e+00
1.447000000000000000e+03 7.081578572360814228e+00
1.448000000000000000e+03 7.143417835427062101e+00
1.449000000000000000e+03 6.967127635328225210e+00
1.450000000000000000e+03 7.133992182676081484e+00
1.451000000000000000e+03 6.939821374383877028e+00
1.452000000000000000e+03 6.891192624956009816e+00
1.453000000000000000e+03 7.000985017070342487e+00
1.454000000000000000e+03 7.025577229892930653e+00
1.455000000000000000e+03 7.251343638053977969e+00
1.456000000000000000e+03 6.788267256366427027e+00
1.457000000000000000e+03 7.215650592039267508e+00
1.458000000000000000e+03 7.149506184667876241e+00
1.459000000000000000e+03 7.051092485682399769e+00
1.460000000000000000e+03 7.101117546011697534e+00
1.461000000000000000e+03 7.025617358299777848e+00
1.462000000000000000e+03 6.914892999570431797e+00
1.463000000000000000e+03 6.871022531870509376e+00
1.464000000000000000e+03 7.172478554911640991e+00
1.465000000000000000e+03 6.909265716609603203e+00
1.466000000000000000e+03 6.922703421081827457e+00
1.467000000000000000e+03 7.073931899117583910e+00
1.468000000000000000e+03 7.214732161426178791e+00
1.469000000000000000e+03 6.916541976423540738e+00
1.470000000000000000e+03 7.114100437758380302e+00
1.471000000000000000e+03 6.981868114192194774e+00
1.472000000000000000e+03 7.258075314358207741e+00
1.473000000000000000e+03 7.087182510363135179e+00
1.474000000000000000e+03 6.993600141971374029e+00
1.475000000000000000e+03 6.839095321673523742e+00
1.476000000000000000e+03 6.957437320480766907e+00
1.477000000000000000e+03 7.108149600664324552e+00
1.478000000000000000e+03 7.049642916087783817e+00
1.479000000000000000e+03 6.927476787088785670e+00
1.480000000000000000e+03 7.078880083788686051e+00
1.481000000000000000e+03 6.967337367127118597e+00
1.482000000000000000e+03 7.007555753801388398e+00
1.483000000000000000e+03 6.897398068718433528e+00
1.484000000000000000e+03 7.145496859843603943e+00
1.485000000000000000e+03 6.807385512081507883e+00
1.486000000000000000e+03 7.078693289241869024e+00
1.487000000000000000e+03 7.022194296760950749e+00
1.488000000000000000e+03 6.764454176510200867e+00
1.489000000000000000e+03 6.897210272945857312e+00
1.490000000000000000e+03 7.037071659081808761e+00
1.491000000000000000e+03 7.011415237050615090e+00
1.492000000000000000e+03 6.906397998658924564e+00
1.493000000000000000e+03 6.897440199171706254e+00
1.494000000000000000e+03 7.113683572275851574e+00
1.495000000000000000e+03 7.039254410751384583e+00
1.496000000000000000e+03 6.994036470068231814e+00
1.497000000000000000e+03 6.904325197568873307e+00
1.498000000000000000e+03 6.923401879956339044e+00
1.499000000000000000e+03 7.007763450685033035e+00
1.500000000000000000e+03 7.020913018304664632e+00
1.501000000000000000e+03 7.095360861012836473e+00
1.502000000000000000e+03 6.931199987568954946e+00
1.503000000000000000e+03 7.008701398555478690e+00
1.504000000000000000e+03 7.139462514015700201e+00
1.505000000000000000e+03 6.803440769588592119e+00
1.506000000000000000e+03 6.844292535788335741e+00
1.507000000000000000e+03 6.646798578317087092e+00
1.508000000000000000e+03 7.051615110476475046e+00
1.509000000000000000e+03 7.145823022917491940e+00
1.510000000000000000e+03 6.770146342836131481e+00
1.511000000000000000e+03 6.744178007137493047e+00
1.512000000000000000e+03 7.329601516040039400e+00
1.513000000000000000e+03 7.074383653126399274e+00
1.514000000000000000e+03 7.156407377888453603e+00
1.515000000000000000e+03 6.939249968453398587e+00
1.516000000000000000e+03 6.822486678076839617e+00
1.517000000000000000e+03 7.024914298832147352e+00
1.518000000000000000e+03 7.084684619928132143e+00
1.519000000000000000e+03 7.138644057472317783e+00
1.520000000000000000e+03 6.846758739937335747e+00
1.521000000000000000e+03 7.198104808387090436e+00
1.522000000000000000e+03 7.076522664331708512e+00
1.523000000000000000e+03 6.976550920751143359e+00
1.524000000000000000e+03 6.735865249699383384e+00
1.525000000000000000e+03 6.784634522932641687e+00
1.526000000000000000e+03 7.276247229224358293e+00
1.527000000000000000e+03 6.735020428650734026e+00
1.528000000000000000e+03 7.039094216373064761e+00
1.529000000000000000e+03 6.883352464230573453e+00
1.530000000000000000e+03 6.872967641973146691e+00
1.531000000000000000e+03 6.883244111289644529e+00
1.532000000000000000e+03 7.099769600444138185e+00
1.533000000000000000e+03 7.025934286226283021e+00
1.534000000000000000e+03 6.847962783622567606e+00
1.535000000000000000e+03 6.981318680460303128e+00
1.536000000000000000e+03 6.890554043149223595e+00
1.537000000000000000e+03 7.242023779721399102e+00
1.538000000000000000e+03 6.763500033700255543e+00
1.539000000000000000e+03 6.749588452135559358e+00
1.540000000000000000e+03 7.088081549433724149e+00
1.541000000000000000e+03 6.787401404157385798e+00
1.542000000000000000e+03 6.859833059759662177e+00
1.543000000000000000e+03 7.025241077957318225e+00
1.544000000000000000e+03 6.886200415081216164e+00
1.545000000000000000e+03 7.077511347632475136e+00
1.546000000000000000e+03 6.847526407122108694e+00
1.547000000000000000e+03 6.962613095227675686e+00
1.548000000000000000e+03 6.937658132528141230e+00
1.549000000000000000e+03 6.871922260822499240e+00
1.550000000000000000e+03 7.027891907254684156e+00
1.551000000000000000e+03 6.713588700280883614e+00
1.552000000000000000e+03 6.873314394354855139e+00
1.553000000000000000e+03 6.836259213658061995e+00
1.554000000000000000e+03 6.945126476639557289e+00
1.555000000000000000e+03 6.785870814867285716e+00
1.556000000000000000e+03 7.047535038298835985e+00
1.557000000000000000e+03 6.992182647571915766e+00
1.558000000000000000e+03 7.174700633097526925e+00
1.559000000000000000e+03 6.606831648158151715e+00
1.560000000000000000e+03 6.907902317933176661e+00
1.561000000000000000e+03 6.796976711532908055e+00
1.562000000000000000e+03 6.814632310259869818e+00
1.563000000000000000e+03 7.005490136757162034e+00
1.564000000000000000e+03 7.001363430594714110e+00
1.565000000000000000e+03 6.724708685637532213e+00
1.566000000000000000e+03 6.877257152620638969e+00
1.567000000000000000e+03 6.873947713192261055e+00
1.568000000000000000e+03 6.762019116896920146e+00
1.569000000000000000e+03 7.013904938775168851e+00
1.570000000000000000e+03 7.419822784534985338e+00
1.571000000000000000e+03 6.896869403119199937e+00
1.572000000000000000e+03 6.831486477047899797e+00
1.573000000000000000e+03 6.756468592968159825e+00
1.574000000000000000e+03 6.865225262612902668e+00
1.575000000000000000e+03 6.773735692711737144e+00
1.576000000000000000e+03 6.813946600180019075e+00
1.577000000000000000e+03 6.907242100154657116e+00
1.578000000000000000e+03 6.533259158828757407e+00
1.579000000000000000e+03 6.709621494728341240e+00
1.580000000000000000e+03 7.020166692785275941e+00
1.581000000000000000e+03 7.087739913128225488e+00
1.582000000000000000e+03 7.079714167668607061e+00
1.583000000000000000e+03 7.196999577158529782e+00
1.584000000000000000e+03 6.784730738376326009e+00
1.585000000000000000e+03 6.818367883902269000e+00
1.586000000000000000e+03 6.838069865042731621e+00
1.587000000000000000e+03 6.674046272427496262e+00
1.588000000000000000e+03 6.659231351005455934e+00
1.589000000000000000e+03 6.760857633573159831e+00
1.590000000000000000e+03 6.853783969990876912e+00
1.591000000000000000e+03 6.808020652335115663e+00
1.592000000000000000e+03 6.883203875169573216e+00
1.593000000000000000e+03 6.745329107925678969e+00
1.594000000000000000e+03 6.929377478522523504e+00
1.595000000000000000e+03 6.975028920441837421e+00
1.596000000000000000e+03 6.872756616087764669e+00
1.597000000000000000e+03 6.718213095909354671e+00
1.598000000000000000e+03 6.623452431064375645e+00
1.599000000000000000e+03 6.700959961648132790e+00
1.600000000000000000e+03 6.537323631793407586e+00
1.601000000000000000e+03 6.847881200383755029e+00
1.602000000000000000e+03 6.765250837716589416e+00
1.603000000000000000e+03 7.149816176209695229e+00
1.604000000000000000e+03 7.096465271154418275e+00
1.605000000000000000e+03 7.000758989549799693e+00
1.606000000000000000e+03 6.595022727605437396e+00
1.607000000000000000e+03 6.589576850079142289e+00
1.608000000000000000e+03 6.745231040421123758e+00
1.609000000000000000e+03 6.759716642844327161e+00
1.610000000000000000e+03 6.794071415717492179e+00
1.611000000000000000e+03 6.840561319868649015e+00
1.612000000000000000e+03 6.887177929818370181e+00
1.613000000000000000e+03 6.898792480628467061e+00
1.614000000000000000e+03 6.886386918214600250e+00
1.615000000000000000e+03 6.543684679923646108e+00
1.616000000000000000e+03 6.831719907780396284e+00
1.617000000000000000e+03 6.770929319208481623e+00
1.618000000000000000e+03 6.570070316082509798e+00
1.619000000000000000e+03 6.985883083392369741e+00
1.620000000000000000e+03 6.642713968453222151e+00
1.621000000000000000e+03 6.697782332156336338e+00
1.622000000000000000e+03 7.085112232242821051e+00
1.623000000000000000e+03 6.739248872811184121e+00
1.624000000000000000e+03 6.753385293248104659e+00
1.625000000000000000e+03 6.794951764370496861e+00
1.626000000000000000e+03 7.008103516952228773e+00
1.627000000000000000e+03 6.619151021788536760e+00
1.628000000000000000e+03 6.817496036595272813e+00
1.629000000000000000e+03 6.738581069233355869e+00
1.630000000000000000e+03 6.740202261724940414e+00
1.631000000000000000e+03 6.727797698427048445e+00
1.632000000000000000e+03 6.824644191588853381e+00
1.633000000000000000e+03 6.802705789058108188e+00
1.634000000000000000e+03 6.768816788358384962e+00
1.635000000000000000e+03 6.833136803722654307e+00
1.636000000000000000e+03 6.829031134068381803e+00
1.637000000000000000e+03 6.718354852111601438e+00
1.638000000000000000e+03 6.678224379049319204e+00
1.639000000000000000e+03 6.798024724827802956e+00
1.640000000000000000e+03 6.686802738273098790e+00
1.641000000000000000e+03 6.756323367646474232e+00
1.642000000000000000e+03 6.686097916008105990e+00
1.643000000000000000e+03 6.817883438622016179e+00
1.644000000000000000e+03 6.738248477146483673e+00
1.645000000000000000e+03 6.717549621264897297e+00
1.646000000000000000e+03 6.828987094367868771e+00
1.647000000000000000e+03 6.866076772683473273e+00
1.648000000000000000e+03 6.798410184299666703e+00
1.649000000000000000e+03 6.683636525256007488e+00
1.650000000000000000e+03 6.841642037068698556e+00
1.651000000000000000e+03 6.782910040815718133e+00
1.652000000000000000e+03 6.786167643405918604e+00
1.653000000000000000e+03 6.703833345849051106e+00
1.654000000000000000e+03 6.811858210028036709e+00
1.655000000000000000e+03 6.817980344054084263e+00
1.656000000000000000e+03 6.877672483348495014e+00
1.657000000000000000e+03 6.798285515229486542e+00
1.658000000000000000e+03 6.477561319178104959e+00
1.659000000000000000e+03 6.666470666909819265e+00
1.660000000000000000e+03 6.652976345561206983e+00
1.661000000000000000e+03 6.917140509511163771e+00
1.662000000000000000e+03 6.804528388506372316e+00
1.663000000000000000e+03 6.608529418394516242e+00
1.664000000000000000e+03 6.658005373248877312e+00
1.665000000000000000e+03 7.003554119033649883e+00
1.666000000000000000e+03 6.758017467221704599e+00
1.667000000000000000e+03 6.828353258487576127e+00
1.668000000000000000e+03 6.707254466831576778e+00
1.669000000000000000e+03 6.950352587358850975e+00
1.670000000000000000e+03 6.655092967545722438e+00
1.671000000000000000e+03 6.731725099069146623e+00
1.672000000000000000e+03 6.695911698241030052e+00
1.673000000000000000e+03 6.437396040679005615e+00
1.674000000000000000e+03 6.737622914693567111e+00
1.675000000000000000e+03 6.631887815265927522e+00
1.676000000000000000e+03 6.773557669693591521e+00
1.677000000000000000e+03 6.725602119447998462e+00
1.678000000000000000e+03 6.637845120815881295e+00
1.679000000000000000e+03 6.682206253086129699e+00
1.680000000000000000e+03 6.588013132033167629e+00
1.681000000000000000e+03 6.556924146340874948e+00
1.682000000000000000e+03 6.713192781283314758e+00
1.683000000000000000e+03 6.645954576956623505e+00
1.684000000000000000e+03 6.650187980068116289e+00
1.685000000000000000e+03 6.617895436673888021e+00
1.686000000000000000e+03 6.637954315885608914e+00
1.687000000000000000e+03 6.883267025837850994e+00
1.688000000000000000e+03 6.573257154321610507e+00
1.689000000000000000e+03 6.757261234182966092e+00
1.690000000000000000e+03 6.621794454716630085e+00
1.691000000000000000e+03 6.544147946215068679e+00
1.692000000000000000e+03 6.683863026498023885e+00
1.693000000000000000e+03 6.638146741786287386e+00
1.694000000000000000e+03 6.655098838113009840e+00
1.695000000000000000e+03 6.461387327702091454e+00
1.696000000000000000e+03 6.626775224941516385e+00
1.697000000000000000e+03 6.775575507237670436e+00
1.698000000000000000e+03 6.624001167507068466e+00
1.699000000000000000e+03 6.706153581063427183e+00
1.700000000000000000e+03 6.584277709479704477e+00
1.701000000000000000e+03 6.613144980318980792e+00
1.702000000000000000e+03 6.912261412264374627e+00
1.703000000000000000e+03 6.712225567353778288e+00
1.704000000000000000e+03 6.492093339293838028e+00
1.705000000000000000e+03 6.618243647710575495e+00
1.706000000000000000e+03 6.656552569067445191e+00
1.707000000000000000e+03 6.578627285155263849e+00
1.708000000000000000e+03 6.422087085144879914e+00
1.709000000000000000e+03 6.688413606404605360e+00
1.710000000000000000e+03 6.735406623194847064e+00
1.711000000000000000e+03 6.564617451197687359e+00
1.712000000000000000e+03 6.691806189920724179e+00
1.713000000000000000e+03 6.368636887897116239e+00
1.714000000000000000e+03 6.812164394382938859e+00
1.715000000000000000e+03 6.692775262284752280e+00
1.716000000000000000e+03 6.681804491606078145e+00
1.717000000000000000e+03 6.814430226369657895e+00
1.718000000000000000e+03 6.349377306486894135e+00
1.719000000000000000e+03 6.405098384908571418e+00
1.720000000000000000e+03 6.437306152262174841e+00
1.721000000000000000e+03 6.684956286870199271e+00
1.722000000000000000e+03 6.364985827640533778e+00
1.723000000000000000e+03 6.773324840418155190e+00
1.724000000000000000e+03 6.588191782382327055e+00
1.725000000000000000e+03 6.637148112067774441e+00
1.726000000000000000e+03 6.473136379248679795e+00
1.727000000000000000e+03 6.764295946385213476e+00
1.728000000000000000e+03 6.525279785390511123e+00
1.729000000000000000e+03 6.294321322550446851e+00
1.730000000000000000e+03 6.378272817859846455e+00
1.731000000000000000e+03 6.533873631692489248e+00
1.732000000000000000e+03 6.597610089913838571e+00
1.733000000000000000e+03 6.817937585433668346e+00
1.734000000000000000e+03 6.479612040995877287e+00
1.735000000000000000e+03 6.713468639090476309e+00
1.736000000000000000e+03 6.403524220073633089e+00
1.737000000000000000e+03 6.497394889125772011e+00
1.738000000000000000e+03 6.340367244771424993e+00
1.739000000000000000e+03 6.767399085931988800e+00
1.740000000000000000e+03 6.506743407598728268e+00
1.741000000000000000e+03 6.621449199680190745e+00
1.742000000000000000e+03 6.722706007201233902e+00
1.743000000000000000e+03 6.743298705173276453e+00
1.744000000000000000e+03 6.453580999791849848e+00
1.745000000000000000e+03 6.538416376881161618e+00
1.746000000000000000e+03 6.538458806923698852e+00
1.747000000000000000e+03 6.401346209876424886e+00
1.748000000000000000e+03 6.477845289335809831e+00
1.749000000000000000e+03 6.445077099536791643e+00
1.750000000000000000e+03 6.402755709061373146e+00
1.751000000000000000e+03 6.427140848544426355e+00
1.752000000000000000e+03 6.792154921474669038e+00
1.753000000000000000e+03 6.497608956286696547e+00
1.754000000000000000e+03 7.024830894486307820e+00
1.755000000000000000e+03 6.785842471117741859e+00
1.756000000000000000e+03 6.464600699733276556e+00
1.757000000000000000e+03 6.291073627832997062e+00
1.758000000000000000e+03 6.339032265275126754e+00
1.759000000000000000e+03 6.434291565269428581e+00
1.760000000000000000e+03 6.518351536318498063e+00
1.761000000000000000e+03 6.413560073335286660e+00
1.762000000000000000e+03 6.532343081041942057e+00
1.763000000000000000e+03 6.598215540614113195e+00
1.764000000000000000e+03 6.486359596943636063e+00
1.765000000000000000e+03 6.738158378740556564e+00
1.766000000000000000e+03 6.348708311871890331e+00
1.767000000000000000e+03 6.616108064959506763e+00
1.768000000000000000e+03 6.390341479989152695e+00
1.769000000000000000e+03 6.534663927498257863e+00
1.770000000000000000e+03 6.625926900673457354e+00
1.771000000000000000e+03 6.383765674908871368e+00
1.772000000000000000e+03 6.555296245983708303e+00
1.773000000000000000e+03 6.358010629015756088e+00
1.774000000000000000e+03 6.504592273557213034e+00
1.775000000000000000e+03 6.555790754979370583e+00
1.776000000000000000e+03 6.463927752077950117e+00
1.777000000000000000e+03 6.301888478477660094e+00
1.778000000000000000e+03 6.472378828134958795e+00
1.779000000000000000e+03 6.281959949163859136e+00
1.780000000000000000e+03 6.359575019992638190e+00
1.781000000000000000e+03 6.477037091427212623e+00
1.782000000000000000e+03 6.421181517429327634e+00
1.783000000000000000e+03 6.364484106983653078e+00
1.784000000000000000e+03 6.628056519669398128e+00
1.785000000000000000e+03 6.654682942511147559e+00
1.786000000000000000e+03 6.507386185180212834e+00
1.787000000000000000e+03 6.745389230461440455e+00
1.788000000000000000e+03 6.236577037889492026e+00
1.789000000000000000e+03 6.349066488502657535e+00
1.790000000000000000e+03 6.360945304427468194e+00
1.791000000000000000e+03 6.334294673507887552e+00
1.792000000000000000e+03 6.457286937184870901e+00
1.793000000000000000e+03 6.346528749318030904e+00
1.794000000000000000e+03 6.524154107378821621e+00
1.795000000000000000e+03 6.485488680173205900e+00
1.796000000000000000e+03 6.508770109143265259e+00
1.797000000000000000e+03 6.556085133607105320e+00
1.798000000000000000e+03 6.406970519021790267e+00
1.799000000000000000e+03 6.043279153997949571e+00
1.800000000000000000e+03 6.390680742405178805e+00
1.801000000000000000e+03 6.485941175516591883e+00
1.802000000000000000e+03 6.325487458975402433e+00
1.803000000000000000e+03 6.571823194327947704e+00
1.804000000000000000e+03 6.373376668295799519e+00
1.805000000000000000e+03 6.400263517103338629e+00
1.806000000000000000e+03 6.237642022249505480e+00
1.807000000000000000e+03 6.516657644528144999e+00
1.808000000000000000e+03 6.341223504488340268e+00
1.809000000000000000e+03 6.539420332575159200e+00
1.810000000000000000e+03 6.496333227535681765e+00
1.811000000000000000e+03 6.193594874756986890e+00
1.812000000000000000e+03 6.528210740453064709e+00
1.813000000000000000e+03 6.302889471590663817e+00
1.814000000000000000e+03 6.402363670744339430e+00
1.815000000000000000e+03 6.399832595326116369e+00
1.816000000000000000e+03 6.416839661005973028e+00
1.817000000000000000e+03 6.171082434041807119e+00
1.818000000000000000e+03 6.367999770576794560e+00
1.819000000000000000e+03 6.477031589748432516e+00
1.820000000000000000e+03 6.535637163139046635e+00
1.821000000000000000e+03 6.510049901742904765e+00
1.822000000000000000e+03 6.511500065386740310e+00
1.823000000000000000e+03 6.404451949870848537e+00
1.824000000000000000e+03 6.340357998705140830e+00
1.825000000000000000e+03 6.262693251175578624e+00
1.826000000000000000e+03 6.383863907260662884e+00
1.827000000000000000e+03 6.175208792856077267e+00
1.828000000000000000e+03 6.605972729660938292e+00
1.829000000000000000e+03 6.357867333685689459e+00
1.830000000000000000e+03 6.306807483769302891e+00
1.831000000000000000e+03 6.426273281401363668e+00
1.832000000000000000e+03 6.404521992906246020e+00
1.833000000000000000e+03 6.397781192084019963e+00
1.834000000000000000e+03 6.404374416630989941e+00
1.835000000000000000e+03 6.397860980966860289e+00
1.836000000000000000e+03 6.490489066072232305e+00
1.837000000000000000e+03 6.375429883716350332e+00
1.838000000000000000e+03 6.299353303118150116e+00
1.839000000000000000e+03 6.422357845871736970e+00
1.840000000000000000e+03 6.293904608193352068e+00
1.841000000000000000e+03 6.188224076344010172e+00
1.842000000000000000e+03 6.591219485467737726e+00
1.843000000000000000e+03 6.281096449725185771e+00
1.844000000000000000e+03 6.123028947801176791e+00
1.845000000000000000e+03 6.471628806191330519e+00
1.846000000000000000e+03 6.320011082754404264e+00
1.847000000000000000e+03 6.438276732690874304e+00
1.848000000000000000e+03 6.195676908380280956e+00
1.849000000000000000e+03 6.366085857042581786e+00
1.850000000000000000e+03 6.183882161731830251e+00
1.851000000000000000e+03 6.396343079342146076e+00
1.852000000000000000e+03 6.116218468470117742e+00
1.853000000000000000e+03 6.343253342268476480e+00
1.854000000000000000e+03 6.256254486390853131e+00
1.855000000000000000e+03 6.332586113329729649e+00
1.856000000000000000e+03 6.414931839591720752e+00
1.857000000000000000e+03 6.185769076020616986e+00
1.858000000000000000e+03 6.371029115290903988e+00
1.859000000000000000e+03 6.688251644249926464e+00
1.860000000000000000e+03 6.341403213649319248e+00
1.861000000000000000e+03 6.243251238103962208e+00
1.862000000000000000e+03 6.365579982505326306e+00
1.863000000000000000e+03 6.158051074428807503e+00
1.864000000000000000e+03 6.276685425816827646e+00
1.865000000000000000e+03 6.422388739296845728e+00
1.866000000000000000e+03 6.257332430228903952e+00
1.867000000000000000e+03 6.351872187530173797e+00
1.868000000000000000e+03 6.615682139475957513e+00
1.869000000000000000e+03 6.448909583760488395e+00
1.870000000000000000e+03 6.244446291437427909e+00
1.871000000000000000e+03 6.253651372806929842e+00
1.872000000000000000e+03 6.122296623809965865e+00
1.873000000000000000e+03 6.252844423980245203e+00
1.874000000000000000e+03 6.517402657307766134e+00
1.875000000000000000e+03 6.108661133256254594e+00
1.876000000000000000e+03 6.377180899601916586e+00
1.877000000000000000e+03 6.613422300113447783e+00
1.878000000000000000e+03 6.148738514635109453e+00
1.879000000000000000e+03 6.316029968729029775e+00
1.880000000000000000e+03 6.293417796560039967e+00
1.881000000000000000e+03 6.311974778052816148e+00
1.882000000000000000e+03 6.340810598253397323e+00
1.883000000000000000e+03 6.470419377687480100e+00
1.884000000000000000e+03 6.263318857375660187e+00
1.885000000000000000e+03 6.110582566613782518e+00
1.886000000000000000e+03 6.037416924879377866e+00
1.887000000000000000e+03 6.127261999226442768e+00
1.888000000000000000e+03 6.440755472255627723e+00
1.889000000000000000e+03 6.194832751417249206e+00
1.890000000000000000e+03 6.166442850215168470e+00
1.891000000000000000e+03 6.519296408999379899e+00
1.892000000000000000e+03 6.210224430169411391e+00
1.893000000000000000e+03 6.367884889346330013e+00
1.894000000000000000e+03 6.192668652637673077e+00
1.895000000000000000e+03 6.430073195474646397e+00
1.896000000000000000e+03 6.192695247341525544e+00
1.897000000000000000e+03 6.281428183329206050e+00
1.898000000000000000e+03 6.273135305705078046e+00
1.899000000000000000e+03 6.309096906381421732e+00
1.900000000000000000e+03 6.237350345308319000e+00
1.901000000000000000e+03 6.389368798175127040e+00
1.902000000000000000e+03 6.222002863832027053e+00
1.903000000000000000e+03 6.253332168579055050e+00
1.904000000000000000e+03 6.655201360626405105e+00
1.905000000000000000e+03 6.115928196844369502e+00
1.906000000000000000e+03 6.391698177741330866e+00
1.907000000000000000e+03 6.119727509485663575e+00
1.908000000000000000e+03 6.004581168350260789e+00
1.909000000000000000e+03 6.188150718203742073e+00
1.910000000000000000e+03 6.440632699257417215e+00
1.911000000000000000e+03 6.097822140513758704e+00
1.912000000000000000e+03 6.203448146214015857e+00
1.913000000000000000e+03 6.369255433086189910e+00
1.914000000000000000e+03 6.265253330354718209e+00
1.915000000000000000e+03 6.088770583030213679e+00
1.916000000000000000e+03 6.362096181214038637e+00
1.917000000000000000e+03 6.318963230326247071e+00
1.918000000000000000e+03 6.229500385037883170e+00
1.919000000000000000e+03 6.121044931950425649e+00
1.920000000000000000e+03 6.541735656510081043e+00
1.921000000000000000e+03 5.973792192801121281e+00
1.922000000000000000e+03 5.917278748678054257e+00
1.923000000000000000e+03 6.164382082639663807e+00
1.924000000000000000e+03 6.361155884614056788e+00
1.925000000000000000e+03 6.184099045526103566e+00
1.926000000000000000e+03 6.169838578003353113e+00
1.927000000000000000e+03 6.292313312393727820e+00
1.928000000000000000e+03 6.121146833729009806e+00
1.929000000000000000e+03 6.404045981644301833e+00
1.930000000000000000e+03 6.430901623846680515e+00
1.931000000000000000e+03 6.120965937428669790e+00
1.932000000000000000e+03 6.102815814900119484e+00
1.933000000000000000e+03 6.379045186281393498e+00
1.934000000000000000e+03 6.459235591089785622e+00
1.935000000000000000e+03 6.323291266128735266e+00
1.936000000000000000e+03 6.076416916295546145e+00
1.937000000000000000e+03 6.067374044940461175e+00
1.938000000000000000e+03 6.245845714480510402e+00
1.939000000000000000e+03 6.120554100510972262e+00
1.940000000000000000e+03 6.286897087487952618e+00
1.941000000000000000e+03 6.037307136345504865e+00
1.942000000000000000e+03 6.330621354397745648e+00
1.943000000000000000e+03 6.292874573290612616e+00
1.944000000000000000e+03 6.365364971329407595e+00
1.945000000000000000e+03 6.176990775983827398e+00
1.946000000000000000e+03 6.160649285988299084e+00
1.947000000000000000e+03 6.313538862109055572e+00
1.948000000000000000e+03 5.986768380902980802e+00
1.949000000000000000e+03 6.158208463386888099e+00
1.950000000000000000e+03 6.169290314269884057e+00
1.951000000000000000e+03 6.067307267763813350e+00
1.952000000000000000e+03 6.240105485861091594e+00
1.953000000000000000e+03 6.185329082416075153e+00
1.954000000000000000e+03 6.235061265889990878e+00
1.955000000000000000e+03 6.426536051952249196e+00
1.956000000000000000e+03 6.349433959860580678e+00
1.957000000000000000e+03 6.056938993893010270e+00
1.958000000000000000e+03 6.300070362560679094e+00
1.959000000000000000e+03 6.223060524911251612e+00
1.960000000000000000e+03 6.197587286186317712e+00
1.961000000000000000e+03 6.201911486656444872e+00
1.962000000000000000e+03 6.201780925878525252e+00
1.963000000000000000e+03 6.009378899708107014e+00
1.964000000000000000e+03 6.143184373428813849e+00
1.965000000000000000e+03 6.304313199562818326e+00
1.966000000000000000e+03 5.958037990926273508e+00
1.967000000000000000e+03 6.114657598406095573e+00
1.968000000000000000e+03 6.246161916356252064e+00
1.969000000000000000e+03 6.052218659241478171e+00
1.970000000000000000e+03 6.218156305555833541e+00
1.971000000000000000e+03 6.550198314419628964e+00
1.972000000000000000e+03 6.263653863959202539e+00
1.973000000000000000e+03 6.154515715359639039e+00
1.974000000000000000e+03 6.196293763254044684e+00
1.975000000000000000e+03 6.176819441212505701e+00
1.976000000000000000e+03 6.020437896071368478e+00
1.977000000000000000e+03 6.196210168418742725e+00
1.978000000000000000e+03 6.127864963014326705e+00
1.979000000000000000e+03 6.300436900954806241e+00
1.980000000000000000e+03 6.149601127378126364e+00
1.981000000000000000e+03 6.149278459761234217e+00
1.982000000000000000e+03 6.188204966929020223e+00
1.983000000000000000e+03 6.256970578745773004e+00
1.984000000000000000e+03 6.062515294847565350e+00
1.985000000000000000e+03 6.142520256382598021e+00
1.986000000000000000e+03 6.454834682787833344e+00
1.987000000000000000e+03 6.079956531946341336e+00
1.988000000000000000e+03 6.308714406212850179e+00
1.989000000000000000e+03 6.255957902441437568e+00
1.990000000000000000e+03 6.156524905790653257e+00
1.991000000000000000e+03 6.077634965269784750e+00
1.992000000000000000e+03 6.068424231896599963e+00
1.993000000000000000e+03 6.043088238567436044e+00
1.994000000000000000e+03 6.131421420581360415e+00
1.995000000000000000e+03 6.139368195458335009e+00
1.996000000000000000e+03 6.237659876546088000e+00
1.997000000000000000e+03 6.294932575426541277e+00
1.998000000000000000e+03 6.077901830683274831e+00
1.999000000000000000e+03 5.941540702682797992e+00
